latitude	longitude	altitude	name
37.77178321	-121.7394761	235.1	1
37.68299097	-121.9682095	214.7	2
37.79950865	-121.557332	11.8	3
37.52307662	-121.8741086	468.8	4
37.77148292	-121.5573709	33	5
37.66149947	-121.9315957	437	6
37.50107973	-121.482431	993.1	7
37.58208341	-121.7753073	180.9	8
37.49216319	-121.5527813	984.8	9
37.72250774	-121.5574215	94.8	10
37.65701339	-121.9414517	343.5	11
37.61277065	-121.5740917	570.7	12
37.6904661	-121.5574614	191.4	13
37.49745531	-121.9165891	64.1	14
37.58146431	-121.5572561	747	15
37.58676612	-121.9569813	95.1	16
37.79008552	-121.627836	72.5	17
37.58115476	-121.9244132	295.1	18
37.65667367	-121.8190236	113.4	19
37.75709616	-122.0750783	147.7	20
37.643465	-122.0048573	392.2	21
37.65616803	-121.94201	338	22
37.57426692	-121.8495576	111.6	23
37.80099445	-122.0930013	194.6	24
37.63409382	-122.0419091	69.2	25
37.57991774	-121.8464351	125.6	26
37.50213941	-121.8331351	279.1	27
37.6595461	-121.9265918	406.8	28
37.5406071	-121.8585141	108.3	29
37.67745695	-122.0344458	202.6	30
37.67542223	-122.0163274	180.1	31
37.60263242	-122.0121746	56.1	32
37.49020392	-121.747469	373.5	33
37.51402122	-121.5122462	777.8	34
37.66841934	-121.8430985	109.5	35
37.80560629	-121.6004009	18.8	36
37.68491879	-121.9336162	168.2	37
37.60847892	-121.5574991	596.1	38
37.58537697	-121.9369029	339.3	39
37.63971131	-121.7979182	159.1	40
37.65703288	-121.8205295	114.6	41
37.64442862	-122.0066691	388	42
37.58717042	-121.9606589	28.8	43
37.56060588	-121.8767115	145.6	44
37.77947257	-122.0671052	230.3	45
37.5759205	-121.8411218	153.2	46
37.78827933	-122.0908395	171.4	47
37.67106333	-121.6559567	352.4	48
37.76631789	-122.0615301	215.7	49
37.66861367	-121.9719504	440	50
37.6464767	-121.6457266	329.6	51
37.71965505	-121.8458016	181.7	52
37.57989213	-121.90027	187.5	53
37.50671274	-121.6665354	851.1	54
37.75842815	-121.7933914	227.1	55
37.49548856	-121.4788097	964.3	56
37.72126836	-122.0720893	137.2	57
37.60259025	-122.0137733	30.6	58
37.49035023	-121.9118749	123.8	59
37.49792818	-121.8677739	709.9	60
37.59749482	-121.9844221	283.7	61
37.61266178	-122.0163305	55	62
37.70578367	-121.6858047	209.2	63
37.73282403	-121.8979943	145.9	64
37.53285543	-121.9005817	338.2	65
37.76565012	-122.044262	238.7	66
37.734064	-121.9904564	490	67
37.58274446	-121.9924671	23.2	68
37.62069477	-121.9201039	593.1	69
37.67175462	-121.5577718	425.4	70
37.69763201	-121.7983558	128.5	71
37.7139655	-121.9840133	230.7	72
37.7227184	-121.7086233	173.5	73
37.77576693	-122.070528	238.5	74
37.75548225	-122.0503843	214.6	75
37.72457037	-121.9996727	224.1	76
37.50373748	-121.9171246	70.8	77
37.77466484	-121.6335686	120.6	78
37.70022216	-121.5720984	156.9	79
37.53466135	-121.8511005	111.4	80
37.66671888	-121.7826416	144.9	81
37.53172008	-121.8490925	141	82
37.78913009	-122.0680443	388.7	83
37.6513777	-121.6346014	501.7	84
37.72419816	-122.002775	226.6	85
37.75552994	-121.8043996	240.2	86
37.66487061	-121.7576135	164.5	87
37.77381567	-122.0836271	137.7	88
37.79932358	-121.6215361	46.2	89
37.66025126	-121.8085685	110.8	90
37.5737049	-121.770062	236.1	91
37.61014564	-121.893163	220.3	92
37.77043234	-122.0867671	121.3	93
37.72945682	-122.0432528	240.3	94
37.71657058	-122.0160618	207.8	95
37.69563214	-121.7821551	133.6	96
37.73830923	-121.6074402	150.2	97
37.73039178	-121.7230681	170.7	98
37.62789508	-121.774313	222.2	99
37.49716273	-121.9201385	49.1	100
37.73097767	-121.9967838	365	101
37.63841451	-121.5675315	237.8	102
37.59539552	-121.8912521	97.2	103
37.68021871	-121.8061805	127.7	104
37.756535	-121.6787574	262.4	105
37.50809264	-121.7848334	460	106
37.71362962	-122.0197998	252.3	107
37.80067201	-121.6193559	30	108
37.76699671	-121.7032165	502.9	109
37.64751166	-122.0413487	165.6	110
37.52470901	-121.9004045	359.3	111
37.69725882	-121.5580332	164.6	112
37.64874066	-121.6485246	317	113
37.69042591	-122.0025214	324.8	114
37.7100637	-121.5575518	113.8	115
37.63483394	-122.0414421	94.9	116
37.50886708	-121.4976943	880.4	117
37.6495289	-121.8572786	194	118
37.67616954	-121.7337903	177	119
37.68847887	-122.0132448	192.4	120
37.73722329	-122.0520367	143	121
37.6657925	-121.7284283	190	122
37.64592978	-121.9186974	449.4	123
37.67718356	-121.8306988	93.7	124
37.76201242	-121.7201515	358.3	125
37.51169922	-121.4974774	880.7	126
37.49480044	-121.6625035	893	127
37.56946835	-121.7185161	601.6	128
37.56018857	-121.8097128	340.3	129
37.62578379	-121.7409392	287.6	130
37.61509373	-121.8762546	96.8	131
37.71386409	-121.9916368	254.6	132
37.79859737	-122.0935419	170.9	133
37.64640244	-121.6175362	449.7	134
37.67151825	-121.9988864	208.2	135
37.64293585	-122.0292482	210.1	136
37.57725561	-121.8030599	179.9	137
37.73511839	-122.0534551	131.2	138
37.63720016	-121.8360653	271.1	139
37.62054435	-121.8851053	135.5	140
37.72123042	-121.5603234	104	141
37.72420068	-122.0175725	250.8	142
37.56152129	-121.871946	84.9	143
37.73886806	-122.0549678	139.1	144
37.56380443	-121.9046917	206.1	145
37.62434713	-121.7876143	250.1	146
37.76892802	-121.5620133	37.9	147
37.62951454	-121.9299477	580	148
37.53880623	-121.9184709	122.8	149
37.63201856	-121.7762431	174.2	150
37.58260583	-121.8026482	144.8	151
37.58310722	-121.9903692	24.2	152
37.73284242	-121.6086394	175.6	153
37.5634209	-121.9035581	188.5	154
37.64419867	-121.6489685	340.3	155
37.68217837	-121.794815	139	156
37.60994525	-121.8205507	189	157
37.65045498	-121.5784094	378.6	158
37.61549052	-121.874205	136.4	159
37.5647769	-121.8292508	196.9	160
37.57322026	-121.8745685	81.8	161
37.72654746	-122.0404776	181.1	162
37.66907166	-121.9609944	419.6	163
37.70263514	-121.797713	131.9	164
37.6439382	-121.6447207	334.8	165
37.59619086	-121.9113001	137.5	166
37.72686548	-122.0331086	171.4	167
37.65509143	-121.5762262	438.9	168
37.70752636	-122.0128946	175.7	169
37.49887755	-121.5114026	850	170
37.56745718	-121.7419113	597.5	171
37.56525433	-121.9535351	40.5	172
37.59541004	-121.6791467	333.2	173
37.73141937	-122.0213027	318.5	174
37.7430927	-122.1146707	140.2	175
37.66862883	-121.5575651	448.1	176
37.77826143	-122.0843534	214.5	177
37.76511488	-122.095315	139.9	178
37.5333451	-121.8879379	342.8	179
37.63832918	-121.5735152	236.8	180
37.500815	-121.544931	842.8	181
37.70093203	-121.5591145	144.3	182
37.70533268	-121.9796867	294.6	183
37.77375941	-122.0697734	209.2	184
37.75519206	-121.7474382	213.2	185
37.73812601	-121.783461	193.4	186
37.61227369	-121.8175329	204.9	187
37.49975552	-121.7367559	673.5	188
37.66306902	-121.9670393	471.2	189
37.66683358	-121.9681983	472.9	190
37.7658456	-121.6817204	242.3	191
37.72906716	-121.8075317	186.7	192
37.58516453	-121.8938294	135	193
37.51185238	-121.8361108	233.8	194
37.72404838	-122.001936	218.3	195
37.63589807	-122.0120259	261.7	196
37.74522835	-122.0643746	289.3	197
37.48683693	-121.8570283	633.8	198
37.73159707	-121.6220813	172.6	199
37.73138819	-122.0182516	320	200
37.58634001	-121.859626	138.8	201
37.74328899	-121.8534788	206	202
37.77847753	-122.0647601	215.7	203
37.71095242	-121.8123268	187.9	204
37.62955365	-121.9980671	370.3	205
37.53321663	-121.850031	122.5	206
37.7304116	-121.712634	172.8	207
37.48585126	-121.8591936	632.7	208
37.49909635	-121.4819571	969.2	209
37.70702235	-121.9766057	254.4	210
37.59881662	-121.8883452	133.1	211
37.6512197	-121.7849613	145	212
37.62880101	-121.6825811	362.8	213
37.59117644	-121.9548373	39.1	214
37.74380262	-121.7373057	186.1	215
37.55539593	-121.8558025	180.1	216
37.72226991	-121.8512038	185.4	217
37.59053258	-121.8313157	172.8	218
37.6831122	-122.0378356	178.8	219
37.56824662	-121.9543858	97.4	220
37.62641816	-121.999716	341.9	221
37.60776226	-121.8696034	137.3	222
37.56991344	-121.9219549	295.1	223
37.64733008	-121.9720846	307.3	224
37.51719572	-121.8007831	420.4	225
37.72840567	-121.7762663	169.1	226
37.66465192	-121.8319154	106.4	227
37.56643679	-121.7763279	261	228
37.63675808	-122.0277073	221.7	229
37.50786186	-121.7253823	1039.6	230
37.71489385	-121.8508778	148.4	231
37.66068946	-121.7579778	166.8	232
37.5695953	-121.8017328	177.6	233
37.58718561	-121.9479577	246.2	234
37.72198864	-122.0740355	124	235
37.6452872	-121.8899112	122.3	236
37.65051445	-121.8603272	181.2	237
37.63036538	-122.0176142	260.6	238
37.74024474	-121.8641028	163.1	239
37.77127618	-121.6778557	276.7	240
37.53203443	-121.7845383	723.9	241
37.51601108	-121.8663813	548.8	242
37.69325212	-121.5575621	176.7	243
37.7655686	-121.5838303	87.2	244
37.80107029	-122.1146579	141.6	245
37.49184541	-121.896608	260.1	246
37.52815519	-121.8855453	402.2	247
37.70479216	-121.7615149	154.5	248
37.66523421	-121.6164421	611.5	249
37.75342812	-122.0387539	269.4	250
37.71230553	-121.848866	137.4	251
37.71591926	-121.965619	225.8	252
37.71536326	-121.98058	273.3	253
37.62808718	-121.5669569	398.3	254
37.78164991	-121.6965259	295.6	255
37.54608344	-121.9009853	330.1	256
37.72408028	-121.6890579	220.1	257
37.49873858	-121.8917442	352.3	258
37.64104814	-121.6365944	376.7	259
37.7044868	-121.875078	108.2	260
37.79431908	-122.0666045	342.4	261
37.78240845	-122.083395	288.4	262
37.67063088	-121.8072605	86.7	263
37.7711236	-122.0122682	252.8	264
37.48850154	-121.893179	322.2	265
37.67533155	-121.5582603	412	266
37.78622021	-122.0611379	238	267
37.79314116	-122.1178947	173.7	268
37.73840015	-121.7250919	175.4	269
37.59318885	-121.9064404	96.5	270
37.5445762	-121.8805446	211.6	271
37.67515388	-121.9887409	342.7	272
37.5117886	-121.8870437	529.7	273
37.75138445	-121.6574226	289.3	274
37.74902676	-122.0347848	183.4	275
37.68660031	-121.834308	110.7	276
37.63270087	-121.8334344	298.4	277
37.64455815	-121.7995872	140.3	278
37.69743545	-121.9743114	230.4	279
37.75898374	-122.0382942	230.6	280
37.62387904	-121.677615	404.9	281
37.75639297	-121.6729562	245.2	282
37.65264589	-121.6225889	498.9	283
37.71181386	-121.8702828	117.2	284
37.59549151	-121.8290344	170.1	285
37.62018363	-122.0114302	176.7	286
37.68607363	-121.9310968	136.3	287
37.77548212	-122.0791777	210.5	288
37.70920025	-121.6963226	213.7	289
37.64745247	-121.6433827	360.7	290
37.48526245	-121.8200974	278.9	291
37.61466747	-121.9661331	442.9	292
37.74279109	-121.8180596	241.4	293
37.71176683	-121.7717233	161.7	294
37.78912849	-122.0650695	283.8	295
37.71304449	-121.7488936	154	296
37.72088108	-122.0314538	191.9	297
37.63661016	-121.9678278	433.9	298
37.70828713	-122.0057054	200.7	299
37.72093406	-122.0978439	172.2	300
37.67069355	-121.7966081	132.7	301
37.77115153	-121.6813296	252.7	302
37.59475559	-121.7790197	231	303
37.49999324	-121.64894	851.1	304
37.56618793	-121.9049471	212.9	305
37.78585041	-121.6202884	71.8	306
37.56177106	-121.7148004	628.8	307
37.65413893	-121.606691	437.3	308
37.70885245	-121.9166241	100.2	309
37.75236599	-122.018923	239.7	310
37.63912609	-121.8458079	233.8	311
37.54388536	-121.9249817	97.3	312
37.69085456	-122.0211494	129.2	313
37.61351856	-121.84303	161.9	314
37.61958582	-122.0149396	164.3	315
37.68519265	-122.0135935	155.5	316
37.54366202	-121.8891128	351.2	317
37.73280228	-122.0392279	205.8	318
37.52504342	-121.8811056	446.2	319
37.59049698	-121.7137903	217.5	320
37.77119682	-121.7367567	238.4	321
37.71919069	-121.948145	161.1	322
37.53842756	-121.8511125	176.8	323
37.64528328	-121.70413	267	324
37.67139431	-121.9156775	108.3	325
37.65217559	-121.6089893	449.7	326
37.68897467	-121.9459456	227.3	327
37.6512291	-122.0129034	390.6	328
37.68212226	-121.9394171	199.9	329
37.72264404	-121.698854	214	330
37.71983927	-122.0239709	263.2	331
37.64212973	-121.8077413	152.5	332
37.7327413	-121.9965264	378.4	333
37.62577314	-121.7918225	203.2	334
37.53952226	-121.9056583	259.3	335
37.64058523	-122.0001906	393.4	336
37.65839132	-121.5607197	438	337
37.7137834	-121.6353154	366.6	338
37.64317516	-121.7963552	139.5	339
37.692475	-121.9440804	209.1	340
37.65861906	-121.7379965	195.3	341
37.70711967	-121.6171051	201.9	342
37.66352096	-121.564492	460	343
37.78456886	-121.6835142	250.9	344
37.60875908	-122.0070162	120.7	345
37.68568046	-121.8504391	88.7	346
37.66703523	-121.8406979	106.2	347
37.73180358	-121.8210253	215.7	348
37.67823612	-121.8334605	105.1	349
37.59060961	-121.8521334	175.9	350
37.7111179	-121.8227631	171.3	351
37.71312032	-122.1033114	132.6	352
37.64909562	-121.9632644	415.3	353
37.67219183	-121.9605337	403.5	354
37.57536002	-121.863759	88.4	355
37.72500233	-121.8756836	131.3	356
37.70365531	-121.6336629	368.5	357
37.67608679	-121.7221992	183.4	358
37.75418873	-121.7882216	235	359
37.61415133	-122.017145	54	360
37.63728067	-121.6308686	483.9	361
37.6554561	-121.8928432	99.5	362
37.55420047	-121.8396892	313.8	363
37.58140352	-121.835136	159.8	364
37.64466193	-121.7057551	266.3	365
37.74089475	-122.0190985	266.7	366
37.60748279	-121.8383035	155.3	367
37.78862768	-121.5994674	45.4	368
37.51166244	-121.8821136	688.7	369
37.76117241	-121.6676565	292.9	370
37.70735698	-121.74571	165.6	371
37.65984686	-121.5585791	427.1	372
37.74418324	-121.5580223	72.3	373
37.6694938	-121.7203269	187	374
37.67808832	-121.632612	550.1	375
37.48490388	-121.6467782	1017.7	376
37.61128072	-122.009815	91	377
37.73494426	-122.0052045	351.2	378
37.74772345	-121.8145977	251.1	379
37.72137261	-122.0056034	257.7	380
37.63705653	-121.8050168	181.2	381
37.69090743	-121.7849682	136.6	382
37.71401499	-121.8088753	189	383
37.60967466	-121.9692667	365.8	384
37.48709589	-121.7995548	449.7	385
37.71911587	-122.0330285	191.2	386
37.65650756	-121.7999878	133.1	387
37.72175974	-121.6771011	265.7	388
37.69946941	-122.0286126	125.6	389
37.70219205	-121.7801466	174.8	390
37.63136191	-121.6805927	341.8	391
37.50402149	-121.8330063	283.3	392
37.71805511	-121.8299424	193.4	393
37.71706718	-121.9490259	188.5	394
37.76880671	-122.0921624	162.2	395
37.56623211	-121.8758964	80.8	396
37.6643512	-121.683496	231.5	397
37.79370428	-122.0834834	239.3	398
37.6690397	-121.7897779	138	399
37.72390437	-121.6806198	248.4	400
37.61902983	-121.8143867	304.8	401
37.76718036	-122.0847017	157.1	402
37.64013588	-121.8207281	168.7	403
37.72414687	-122.0091817	303.7	404
37.55901178	-121.9048118	254.5	405
37.73748671	-121.7218226	173.9	406
37.75170625	-121.8060786	242.4	407
37.72450576	-122.070814	152.8	408
37.68939688	-121.9361309	150.6	409
37.70802033	-122.0554168	79.3	410
37.64769733	-121.605058	418.4	411
37.55993539	-121.6901048	400.9	412
37.74823811	-121.7998103	216	413
37.64275416	-121.646742	339.9	414
37.48932944	-121.5584231	1080.1	415
37.53097531	-121.5803405	914.8	416
37.56646406	-121.8083273	261.1	417
37.75645422	-122.0156991	359.4	418
37.70405645	-121.9804605	294.3	419
37.66510607	-121.990366	235.7	420
37.60508567	-122.0139688	60.5	421
37.58945964	-121.9815486	206.6	422
37.63450359	-121.9776095	496.9	423
37.57465795	-121.8554645	89.3	424
37.75274708	-122.0639456	274.4	425
37.56075265	-121.91163	228.3	426
37.69994331	-121.749279	177.4	427
37.73664392	-121.8755861	162.3	428
37.62566876	-121.6719879	457.2	429
37.71829679	-121.5593868	153.5	430
37.62520526	-121.8131971	282.6	431
37.73117835	-122.0432943	264.5	432
37.71554261	-121.8752687	116.2	433
37.71832847	-121.9894294	339.4	434
37.60131996	-121.6931478	334.6	435
37.62760227	-121.7624601	188.5	436
37.57762181	-121.9209346	321.6	437
37.78709574	-122.0968031	162	438
37.66524303	-121.9599971	398.2	439
37.60850923	-121.7776467	299.4	440
37.72263958	-122.0282175	232.3	441
37.70194167	-121.7928941	135.3	442
37.63979027	-121.7662298	158.7	443
37.57256204	-121.731855	432.3	444
37.49542689	-121.7552489	422.2	445
37.75686425	-122.0249233	213.7	446
37.49663952	-121.7721458	312.7	447
37.75301779	-121.6068856	123.8	448
37.49171346	-121.7553907	410.3	449
37.52598322	-121.9060839	256.7	450
37.67284485	-121.7816599	144.8	451
37.55436452	-121.8870485	176.1	452
37.59082601	-121.8560219	133.2	453
37.577365	-121.855528	90.1	454
37.53284731	-121.8028449	598.4	455
37.62521112	-122.021105	176.4	456
37.66514153	-121.6492644	366	457
37.68243003	-121.8194937	94.4	458
37.64769873	-121.9444256	528	459
37.61538013	-121.9696271	402.7	460
37.78359111	-121.5995461	75	461
37.79889072	-122.1102924	185.6	462
37.7967105	-122.0477964	496	463
37.56928491	-121.9325155	224.8	464
37.64105175	-121.6805056	282.1	465
37.55547592	-121.8870867	162.9	466
37.61732162	-121.976333	417.8	467
37.71510931	-121.9616161	239	468
37.60115431	-121.8662943	94.7	469
37.70924747	-121.9503397	175	470
37.62723157	-121.8157541	267.1	471
37.68590226	-121.6831734	219.9	472
37.76752286	-121.6797536	224.1	473
37.6084265	-121.8911739	201.8	474
37.74020707	-121.866346	189.8	475
37.64142648	-122.0225897	203.1	476
37.79278384	-122.1024144	221.1	477
37.59852662	-121.7453381	477.4	478
37.73879453	-122.0106237	358.5	479
37.80013222	-122.1282298	184.7	480
37.49679067	-121.8867157	423.9	481
37.58623265	-121.8557334	151.8	482
37.70287799	-121.8284848	119.1	483
37.53447303	-121.5671142	742.6	484
37.50761793	-121.854864	625.5	485
37.77826062	-122.1009807	196.3	486
37.60470959	-121.8251301	188.5	487
37.66388891	-121.9617017	447.4	488
37.63542538	-121.7763725	150.2	489
37.65860422	-121.9941003	282.2	490
37.58453256	-121.9716202	199.4	491
37.75656554	-121.6669994	338.1	492
37.79720584	-122.1098633	258.5	493
37.50166652	-121.4891412	924.6	494
37.56240539	-121.7760225	348.7	495
37.67800337	-122.0052774	198.1	496
37.75025011	-122.015168	379.3	497
37.72644072	-121.8656896	169.8	498
37.65920359	-121.8093639	132.8	499
37.7078746	-121.7117375	168.7	500
37.64483863	-121.6310625	378.2	501
37.69167166	-122.0147908	188.4	502
37.63902982	-121.5802771	258.9	503
37.62342674	-121.754032	194.6	504
37.58092445	-121.8146761	163.3	505
37.76791232	-121.7464542	349	506
37.63688281	-121.5895517	322.5	507
37.50202727	-121.8913858	377.2	508
37.65991811	-121.5767093	483.8	509
37.70314141	-121.8389897	116.8	510
37.53563763	-121.8900215	268.5	511
37.50288225	-121.7157533	1038.5	512
37.59575477	-121.7728536	277.6	513
37.66153957	-121.7070747	207	514
37.69995456	-121.9748014	267.6	515
37.60082759	-121.9393574	138.9	516
37.59547122	-121.9170627	65.5	517
37.5725761	-121.9193922	317	518
37.75521175	-121.6515747	360.3	519
37.55430881	-121.915257	157.9	520
37.54191339	-121.9187298	178.6	521
37.6868	-121.7457673	170.4	522
37.7868214	-122.099136	192.5	523
37.67652922	-121.9192941	115.3	524
37.80070448	-122.0992859	252.9	525
37.6339383	-121.7550822	156.3	526
37.73553272	-121.5741643	119.5	527
37.66668584	-121.8418561	112.3	528
37.65881785	-121.8280643	129.2	529
37.5988049	-121.9201023	76.8	530
37.6815241	-121.8328868	114.2	531
37.63718612	-121.5841726	282.3	532
37.5634967	-121.8576524	235.6	533
37.62734045	-121.9792077	388.5	534
37.60157343	-121.960813	314.1	535
37.73159447	-122.0354225	127.9	536
37.48865493	-121.5693479	1097.6	537
37.63932088	-121.7996043	160.3	538
37.73602828	-122.0290276	151.4	539
37.61600001	-121.6974918	262.8	540
37.59530845	-121.9017694	69.4	541
37.76601119	-121.6921361	347.2	542
37.56036861	-121.8989272	189.8	543
37.77094485	-121.5803331	70.2	544
37.78749704	-122.0581106	289.2	545
37.68187343	-121.8979798	99	546
37.56845038	-121.8875226	96.4	547
37.62117584	-121.8051852	301.4	548
37.61927083	-121.7542589	185.7	549
37.77701347	-121.6976816	268.4	550
37.70679544	-121.9899309	245.7	551
37.52848505	-121.6572643	601.7	552
37.63077622	-121.6292698	548.1	553
37.6756519	-121.5629114	424.7	554
37.51827203	-121.8280361	180.1	555
37.66331528	-121.6560688	301.1	556
37.59336303	-121.9466944	181.1	557
37.77926958	-122.1096899	217.2	558
37.73867108	-121.8406708	207	559
37.65568145	-121.6258772	522	560
37.77670168	-121.5864961	61.9	561
37.6588271	-121.6382045	464.9	562
37.67000926	-121.8200137	105.7	563
37.4907652	-121.4732629	1013.9	564
37.65212468	-121.9822464	227.9	565
37.62627554	-121.9277807	581.2	566
37.67403038	-121.6972393	236.5	567
37.4885855	-121.8870985	426.2	568
37.56284889	-121.8239703	254.9	569
37.56106399	-121.8698022	85.2	570
37.70909016	-121.9879596	287.9	571
37.51322518	-121.546354	788.4	572
37.65781846	-121.6059521	514.9	573
37.51520989	-121.8847083	678.1	574
37.64885573	-121.6340449	444.2	575
37.69886295	-122.0211889	106.9	576
37.69149158	-121.643484	387	577
37.52263997	-121.5188884	859.9	578
37.73990522	-121.6929259	374	579
37.54733039	-121.6277555	887.2	580
37.56223452	-121.8502861	256.2	581
37.59191687	-121.8612837	128.7	582
37.51184763	-121.5022214	857.4	583
37.79868953	-122.0879239	246.9	584
37.53110015	-121.7785544	666.1	585
37.66455346	-122.0220732	211.8	586
37.71505489	-121.9995974	280.8	587
37.54720928	-121.6713035	396.8	588
37.54581133	-121.9066689	300.9	589
37.62414661	-121.5611921	429.6	590
37.48652144	-121.5330944	769.5	591
37.61517287	-121.9150118	550.6	592
37.65219883	-121.6647432	274.5	593
37.52347391	-121.8709566	456.9	594
37.77105929	-121.6990294	330.2	595
37.68002008	-122.0259624	183.8	596
37.67329666	-121.6813749	320.9	597
37.66330991	-121.632707	505.1	598
37.71909998	-121.9173446	114.6	599
37.62848301	-121.5871025	437.6	600
37.49919478	-121.8237186	264.1	601
37.50712882	-121.5140169	817.3	602
37.57349815	-121.9469082	257.8	603
37.60110662	-121.6789834	391.5	604
37.5773403	-121.6857361	271.3	605
37.5655297	-121.9450738	191.4	606
37.73913425	-122.1138327	101.2	607
37.52363615	-121.8885742	430.1	608
37.75257332	-121.6955582	331.3	609
37.76747083	-121.5735224	57.5	610
37.56515202	-121.8986147	160.3	611
37.7086308	-122.0477576	140.3	612
37.6391898	-121.5592327	280.3	613
37.68425814	-121.9243183	114	614
37.53114663	-121.8794059	417.2	615
37.70904703	-122.024429	195.4	616
37.76014618	-121.6013234	87.9	617
37.58698549	-121.9032264	182.3	618
37.70089563	-121.9724825	319.3	619
37.62468034	-121.7772773	233	620
37.77043604	-121.7237584	319.7	621
37.75818078	-121.7892285	225	622
37.58578636	-121.7700762	233.4	623
37.55088014	-121.8508165	217.1	624
37.60572395	-121.8581982	127.7	625
37.63013603	-122.0220813	174.1	626
37.74538283	-122.018558	271.2	627
37.54366817	-121.8565055	116.1	628
37.49733139	-121.6834905	1120.1	629
37.56850344	-121.7386437	549.3	630
37.50717205	-121.5567337	958.1	631
37.55143937	-121.6365224	944.1	632
37.54404561	-121.591372	923.2	633
37.69696003	-121.7683654	157.4	634
37.6122384	-121.7281309	268.3	635
37.56239945	-121.8310788	171.9	636
37.71846643	-121.8024884	209.7	637
37.57161661	-121.7847738	282	638
37.57639452	-121.7500575	362.6	639
37.57029687	-121.8798629	78.1	640
37.67782315	-121.6087912	499.8	641
37.70623738	-121.7816823	144.8	642
37.52387028	-121.8354013	360.8	643
37.50767584	-121.5985711	936.8	644
37.56932435	-121.8750508	97.2	645
37.56949186	-121.8598637	212.1	646
37.7613716	-121.565456	52.7	647
37.74984479	-121.7080898	193.6	648
37.58532534	-121.7845631	163	649
37.49472879	-121.4960493	783	650
37.65520098	-121.7375116	224.8	651
37.68716342	-121.9465945	208	652
37.62802112	-122.0325427	119.4	653
37.68152379	-121.8417173	100.4	654
37.73570056	-122.0477118	227.9	655
37.58474196	-121.9455927	314	656
37.78562059	-121.6617218	227.4	657
37.48880597	-121.9250497	24.4	658
37.72241962	-121.9764093	312.8	659
37.74203814	-122.0256025	186.3	660
37.50596593	-121.8387214	406.1	661
37.66003362	-121.6354954	508.1	662
37.54933581	-121.6856719	661	663
37.70973056	-121.750002	153	664
37.76448766	-121.7652171	235.1	665
37.70078393	-121.8036107	127.3	666
37.69772384	-121.9641656	197.9	667
37.61712058	-121.9247396	567.8	668
37.71500641	-122.1111435	175.2	669
37.48432124	-121.6207752	651.1	670
37.52575222	-121.8286971	352.7	671
37.62514929	-121.8581566	159.6	672
37.64144181	-121.7837103	140.6	673
37.6459639	-121.6010908	392.9	674
37.64852166	-121.5997617	348	675
37.72684227	-121.917835	149.8	676
37.77320792	-122.0933457	277.2	677
37.53185766	-121.8987864	383.1	678
37.59749302	-121.7397098	427.1	679
37.70781867	-121.96193	219.2	680
37.64166223	-121.9444331	493.6	681
37.66141741	-121.9461214	395.1	682
37.7456084	-121.7325851	209.7	683
37.65942935	-121.9734595	411.3	684
37.76591898	-122.0360425	234.1	685
37.66520811	-121.6731656	250.7	686
37.6130542	-121.7067808	389.1	687
37.66200542	-122.0252641	308.8	688
37.70868791	-121.5588774	116.8	689
37.7115453	-122.0442197	180.8	690
37.53104256	-121.8108549	514.4	691
37.68332817	-121.9762286	275.9	692
37.583879	-121.7856195	166	693
37.68434112	-121.7460721	163.8	694
37.71904693	-121.5841572	158.5	695
37.79215976	-121.6183326	56.6	696
37.7881891	-122.0809685	244.7	697
37.69980881	-121.6160447	335.4	698
37.77102106	-121.5925425	90.1	699
37.52800041	-121.7989287	629.6	700
37.6427324	-121.6017943	334.8	701
37.66858829	-121.6512054	336.2	702
37.73509496	-122.1072979	139.9	703
37.65467597	-121.5612456	375.3	704
37.57995814	-121.7834006	222.1	705
37.73814766	-122.0169045	198	706
37.48955363	-121.7474485	372.3	707
37.75875461	-121.7673415	199.9	708
37.73123239	-121.7401904	159.9	709
37.75762377	-121.5610844	60.4	710
37.75682413	-122.0197347	318.2	711
37.7835859	-121.5822678	33.4	712
37.63815207	-121.7318533	264.5	713
37.54707021	-121.825771	277	714
37.64269676	-122.0362549	253.1	715
37.71437046	-121.6050034	233.1	716
37.71133741	-121.6264432	312.3	717
37.76416863	-121.6790806	252.4	718
37.48329748	-121.8961579	221.7	719
37.52256906	-121.8223821	274.4	720
37.68368198	-121.7872548	137	721
37.6420157	-121.8741624	121.2	722
37.52044021	-121.7485486	807.7	723
37.6863479	-122.0097407	208.9	724
37.58019212	-121.9124418	298.8	725
37.64425134	-121.7664007	174	726
37.77030977	-121.6460095	149.8	727
37.68532428	-121.6231604	507.9	728
37.49371191	-121.5618912	1087	729
37.52658808	-121.8816774	438.7	730
37.62161145	-121.7443742	229.5	731
37.63423342	-121.7132047	228.1	732
37.72948256	-121.8615782	165.7	733
37.70640461	-121.6893555	229.1	734
37.5517669	-121.9394775	37.3	735
37.77151072	-122.0732903	299.4	736
37.50446356	-121.5238526	831.4	737
37.55146037	-121.9224144	170.3	738
37.72333596	-122.1126007	104.3	739
37.68632334	-121.9774244	279.3	740
37.60571836	-121.9299152	237.5	741
37.61908805	-122.0267187	113.4	742
37.58641081	-121.7808495	191.1	743
37.76692241	-122.112123	282.4	744
37.52977253	-121.7858063	710.4	745
37.77151144	-122.0065667	276.5	746
37.78013418	-122.1050584	235	747
37.4960955	-121.8266562	313.7	748
37.76652185	-122.0409786	218.3	749
37.5774108	-121.9705251	24.2	750
37.66924766	-122.0257586	219.9	751
37.74992481	-122.0264407	226.9	752
37.63140037	-121.9804817	425.2	753
37.73942201	-121.8574407	225.9	754
37.49627639	-121.6080015	548	755
37.51487819	-121.8138846	426.4	756
37.71730189	-121.9368307	114.1	757
37.67202227	-121.6468142	423.8	758
37.67626132	-121.6455974	438.3	759
37.53909117	-121.900238	252.3	760
37.70057942	-121.8527461	108.4	761
37.53688977	-121.8159956	453.7	762
37.67570842	-121.7283414	177.5	763
37.53236766	-121.9169476	111.6	764
37.53092884	-121.9055761	251	765
37.67274583	-121.6388298	555.5	766
37.66614852	-121.9415145	383.2	767
37.67106481	-121.6645675	300.9	768
37.60194882	-121.8150846	157.5	769
37.77535587	-121.6306781	121.8	770
37.76274523	-121.6472699	245.9	771
37.72758527	-122.0299452	201	772
37.62020013	-121.9486673	400.6	773
37.58448484	-121.8770905	74.4	774
37.51645252	-121.7655054	777.1	775
37.75100006	-122.0797991	151	776
37.78445589	-122.0602872	291.6	777
37.57988704	-121.8040521	156.2	778
37.69507277	-122.0094844	247.3	779
37.81236361	-121.5626684	2.7	780
37.74415777	-122.0415857	206.2	781
37.69076419	-121.9274005	109.8	782
37.50547538	-121.7569264	608.4	783
37.63329254	-121.8660276	125.5	784
37.71652842	-121.8535091	152.9	785
37.70989654	-122.007309	226.7	786
37.65545831	-121.8911604	98.4	787
37.70752175	-121.8375622	148.8	788
37.61341103	-121.7897506	247.2	789
37.69107253	-121.8068754	124.9	790
37.49353811	-121.6439626	908.8	791
37.65108496	-121.5959487	418.3	792
37.5907126	-121.872468	102.1	793
37.56379805	-121.9504412	50.4	794
37.73326947	-121.8299198	224	795
37.72502572	-121.8127569	225.2	796
37.71080835	-121.5757928	143.7	797
37.78167066	-122.0637834	293.7	798
37.61996873	-121.5685896	409	799
37.74106792	-122.0282878	240.7	800
37.60170794	-121.9526996	285.6	801
37.64175097	-121.7749866	143.6	802
37.73856313	-122.088503	192.5	803
37.52152142	-121.5441716	733	804
37.76946773	-122.099966	192.7	805
37.64104961	-121.7886679	148.4	806
37.79584152	-122.1014707	242.7	807
37.51535414	-121.7171962	1009.9	808
37.68663898	-121.5800022	342.7	809
37.63883673	-122.0372941	210.3	810
37.71656381	-121.5828398	131.6	811
37.74246475	-121.8107582	186.2	812
37.73708307	-121.8663752	149.1	813
37.79427986	-121.6074386	44.4	814
37.73434336	-122.0502832	172.2	815
37.77181081	-122.0669668	186.1	816
37.63046541	-121.7865784	183	817
37.56035921	-121.8600925	105.3	818
37.67270588	-121.9943068	270.3	819
37.63178225	-121.5666273	357.5	820
37.52087541	-121.670101	964	821
37.607031	-121.7440599	291.9	822
37.76505301	-121.5689308	49	823
37.58038966	-121.9512381	233.3	824
37.63734342	-121.9775143	470.8	825
37.61068495	-121.8917806	234.9	826
37.59812265	-121.5807893	593	827
37.65487639	-121.5805242	441.3	828
37.62463669	-121.8756598	188	829
37.5755958	-121.7912395	190.7	830
37.69331226	-121.8348668	111.1	831
37.6523888	-121.8330946	216.4	832
37.70131968	-121.9522443	206.2	833
37.55673413	-121.778905	344.4	834
37.64779416	-121.8247963	165.6	835
37.73239142	-122.0915509	119.9	836
37.64106217	-121.5845273	285.8	837
37.57862463	-121.7871854	231.1	838
37.5609887	-121.7671067	500	839
37.72033906	-122.0486123	232.9	840
37.76101409	-122.1215927	213.1	841
37.63545142	-121.7004108	315.4	842
37.65890232	-121.5905892	515.6	843
37.65283952	-121.6585177	287.6	844
37.80630527	-122.1596855	339.7	845
37.67001797	-121.9872507	368.3	846
37.79194044	-122.109783	299.7	847
37.67621279	-121.7110824	194.4	848
37.67499636	-121.845531	111.5	849
37.74934862	-122.0854498	160	850
37.61353149	-121.9812758	231.4	851
37.52470451	-121.8396026	286.2	852
37.7131101	-121.7670503	178.7	853
37.50344856	-121.8987953	244.6	854
37.64876931	-121.566499	374.7	855
37.51812257	-121.7749596	728.2	856
37.49004834	-121.8652568	782.9	857
37.63284133	-121.9456196	303.5	858
37.59895704	-121.9575071	179.8	859
37.69416726	-121.8819978	103.5	860
37.66734079	-121.6838053	229.9	861
37.51902911	-121.8134969	420.9	862
37.64708696	-121.8099516	136.7	863
37.50150877	-121.8149088	241.2	864
37.74834445	-122.0784638	90.4	865
37.79147138	-122.084436	162.8	866
37.57890858	-121.8550959	105.3	867
37.58238516	-121.8992441	181.1	868
37.48526583	-121.7986807	498.4	869
37.64977687	-121.9746761	323.3	870
37.70074781	-122.0045498	208.4	871
37.50433457	-121.539512	707.6	872
37.8002764	-122.1453022	166.1	873
37.59873981	-121.9932214	133.7	874
37.62429129	-121.958757	537.9	875
37.49398248	-121.8002585	522.9	876
37.75951667	-121.5682289	60.6	877
37.48866941	-121.5027175	828.4	878
37.74557826	-121.8285538	311.4	879
37.56333772	-121.6952542	468.3	880
37.49090047	-121.7346133	723.5	881
37.50432929	-121.7703208	445.9	882
37.73206228	-122.0337044	124.4	883
37.64355498	-122.0108989	358.6	884
37.69655199	-121.8163392	119	885
37.61545191	-121.7843855	296.8	886
37.7051538	-121.614717	237.2	887
37.72327061	-121.9865956	321.4	888
37.56666117	-121.8166974	285	889
37.53831939	-121.8862415	385.6	890
37.67952743	-121.7405792	169.1	891
37.70468162	-121.6763133	262.9	892
37.72797423	-121.7899608	197.5	893
37.72629953	-121.9716467	421.9	894
37.68584131	-121.7053173	188	895
37.58453791	-121.7358323	539.4	896
37.51098546	-121.9099362	130.8	897
37.75767494	-121.7018937	317.1	898
37.70486759	-121.8570056	107.6	899
37.66055732	-121.7359328	184.3	900
37.67357278	-121.6572905	369	901
37.5657032	-121.7484832	558.3	902
37.5437655	-121.7804467	527.1	903
37.6367242	-121.8297458	282.9	904
37.64019298	-122.0435687	161.1	905
37.54082166	-121.8804694	247.9	906
37.72599723	-121.896356	134.8	907
37.77986515	-121.6013428	57.1	908
37.57717978	-121.8737161	70.7	909
37.657275	-121.937835	415.2	910
37.66576033	-121.643114	374.5	911
37.68615906	-121.7229284	176.8	912
37.57369461	-121.9030357	186.7	913
37.66646851	-121.7073651	211.8	914
37.60701415	-121.7931986	246.6	915
37.51558984	-121.9123593	135.5	916
37.70236021	-121.8135621	128.2	917
37.63763536	-121.5699918	226.7	918
37.48981447	-121.8916885	393.4	919
37.62130594	-121.8247524	346.2	920
37.72130016	-122.0230734	266.5	921
37.59855655	-121.7764032	286.1	922
37.51255217	-121.7472507	908.7	923
37.55395126	-121.9048259	287	924
37.76193889	-122.0833062	232.2	925
37.56264408	-121.8840951	127.1	926
37.6389425	-121.717798	227.2	927
37.68679712	-121.9616337	280.8	928
37.78505115	-122.0354935	381.6	929
37.77966031	-121.6122103	73.7	930
37.65823662	-121.9097939	107.9	931
37.67636546	-121.9729665	330.9	932
37.63564378	-121.8120325	195.9	933
37.51941318	-121.8811623	550.1	934
37.7645822	-121.6910495	343.8	935
37.66384645	-122.015753	337.4	936
37.62005216	-121.6866851	366.1	937
37.62351974	-121.7381111	307.1	938
37.75332031	-121.75361	232.4	939
37.73944915	-121.6162529	164.3	940
37.67437043	-121.9815001	442.6	941
37.68736287	-121.8832347	100.2	942
37.78849712	-121.6116081	42.4	943
37.58519572	-121.9303302	342.4	944
37.70957687	-121.570247	131.8	945
37.76546092	-122.017927	183.7	946
37.73372472	-121.8566286	251.3	947
37.53263573	-121.8366601	281.4	948
37.69464523	-121.5709321	197.1	949
37.67442192	-121.9438109	370.1	950
37.72099934	-121.6492041	358.8	951
37.68508502	-121.9089083	99.2	952
37.60146993	-121.9826906	240	953
37.73660451	-121.7967029	266.1	954
37.7223818	-121.7311644	157.4	955
37.61872648	-121.6296653	637.6	956
37.55761787	-121.7183016	550	957
37.63929838	-121.9851959	451.6	958
37.62455597	-121.7271233	342.6	959
37.64964878	-121.9594901	406	960
37.62581992	-121.7206283	364.7	961
37.52715884	-121.8878572	356.6	962
37.49045038	-121.5491022	1030.8	963
37.55171421	-121.6984916	698	964
37.60917478	-121.7539326	427.7	965
37.70408048	-121.5978112	226.8	966
37.59922471	-121.7218532	213.6	967
37.58633106	-121.7593211	265.7	968
37.62344569	-121.9669565	495.6	969
37.4880284	-121.8502518	612.4	970
37.58273129	-121.7175257	426.9	971
37.50996193	-121.7424942	992.6	972
37.51401374	-121.6812727	956.8	973
37.6449066	-121.6843057	297.7	974
37.59822478	-121.7022607	327.6	975
37.54236447	-121.7605904	574.4	976
37.47144948	-121.9037685	95.4	977
37.65391565	-121.9182683	313.1	978
37.72890851	-121.8422321	245.8	979
37.6079566	-121.9088684	485.9	980
37.7908945	-121.5711225	22.6	981
37.65235531	-121.799845	125.9	982
37.59700093	-121.8657394	126.8	983
37.64229984	-121.8370149	237.9	984
37.67909623	-121.5747188	387.6	985
37.71142662	-121.722994	162.8	986
37.69654863	-121.6616529	298.7	987
37.50540547	-121.507968	852.1	988
37.73526188	-122.0630323	244	989
37.6792564	-121.6253067	579.6	990
37.61638557	-121.8210236	260.7	991
37.59518816	-121.6534462	501.2	992
37.59609694	-121.5904805	658.8	993
37.55030053	-121.62673	959.2	994
37.76454608	-121.6257583	156.5	995
37.53390316	-121.6322058	690.7	996
37.60501665	-121.9449919	207	997
37.66624278	-121.8450029	124.2	998
37.50108499	-121.8451482	451	999
37.49240887	-121.7134418	871.6	1000
37.52562361	-121.5045568	922.6	1001
37.74153701	-121.5575562	75.9	1002
37.76877825	-121.5835556	73.6	1003
37.80068287	-121.6203677	2	1004
37.5052961	-121.5127934	830.6	1005
37.56869912	-121.9242983	266.3	1006
37.59682027	-121.569049	639.8	1007
37.7209111	-121.9493028	175	1008
37.62478375	-121.9427186	262	1009
37.66868523	-121.8275879	109.7	1010
37.57856173	-121.5572362	673.9	1011
37.57641035	-121.8840594	87.8	1012
37.67923675	-121.9286614	165.1	1013
37.7230689	-122.1062929	78.6	1014
37.59038218	-121.6179965	656.7	1015
37.69734534	-121.8040273	120.8	1016
37.73213536	-121.8960209	141.1	1017
37.77015453	-121.6819682	228.8	1018
37.64390008	-122.0518731	95.5	1019
37.62896659	-121.5573596	306	1020
37.74921989	-121.5613583	60	1021
37.5791681	-121.7979252	164.8	1022
37.55888458	-121.869865	103.9	1023
37.50003192	-121.8324967	263.6	1024
37.78746317	-122.0747343	224.1	1025
37.80208243	-122.112857	146.1	1026
37.62262618	-121.7826817	243.3	1027
37.70077741	-121.7981975	126.8	1028
37.599275	-121.5764375	677.6	1029
37.78341729	-122.0662018	224.6	1030
37.57986558	-121.8116899	159.2	1031
37.80653333	-121.5969136	22.8	1032
37.56353671	-121.874387	89.6	1033
37.71508028	-121.5576725	110.3	1034
37.80604556	-121.5986288	18.4	1035
37.65613722	-121.5914034	494.4	1036
37.50663802	-121.7975079	315.6	1037
37.58013147	-121.9285139	316	1038
37.77102362	-122.0303881	226.8	1039
37.723835	-122.0185673	285.6	1040
37.76605187	-122.0541947	215.5	1041
37.67495509	-122.0143369	138.3	1042
37.76451285	-122.053198	204.4	1043
37.63231442	-121.7489674	239.1	1044
37.71587383	-121.5866779	145.6	1045
37.69608757	-121.8053283	124.8	1046
37.59689283	-121.9706477	295	1047
37.66149147	-121.7636615	165.4	1048
37.64286861	-121.8088697	147.8	1049
37.73527521	-121.7266611	177	1050
37.58588409	-121.8930052	113.3	1051
37.57646667	-121.968302	23.7	1052
37.70743119	-121.5576964	119.5	1053
37.53029083	-121.8216118	376	1054
37.53368372	-121.8944432	284.7	1055
37.70700674	-122.0436784	106.6	1056
37.51012043	-121.6458615	692.5	1057
37.5978099	-121.9727793	287.6	1058
37.77775543	-122.0457858	229.5	1059
37.79988954	-122.0931025	197.7	1060
37.71785312	-121.8254027	183.5	1061
37.63024503	-121.9288755	590.4	1062
37.79836154	-122.0604311	368.6	1063
37.63979992	-122.0309862	251.4	1064
37.63525661	-122.0340173	212.9	1065
37.69146138	-121.8405873	109.5	1066
37.51354505	-121.4990665	918.6	1067
37.76322049	-122.0560084	193.2	1068
37.77695691	-121.5971702	68.8	1069
37.61686588	-121.7815274	238.2	1070
37.80377171	-122.1314539	163.6	1071
37.6089731	-121.7859837	298.4	1072
37.69074515	-121.6855943	208.6	1073
37.58967244	-121.9946001	87.2	1074
37.6488635	-121.7834088	143.6	1075
37.73157937	-121.6285775	193.1	1076
37.5434909	-121.9032705	246.6	1077
37.65861563	-121.823217	113.3	1078
37.49563964	-121.9122101	77.2	1079
37.72293421	-121.8158613	216	1080
37.61862386	-121.7459505	206.1	1081
37.64872052	-121.6071953	470.6	1082
37.58192638	-121.9316613	326.6	1083
37.7010258	-121.7383305	159.8	1084
37.59137747	-121.9852728	252.2	1085
37.71346922	-122.0266261	200.6	1086
37.77012776	-122.0527103	258.2	1087
37.52305001	-121.5147497	857.4	1088
37.60416464	-121.6785496	413.5	1089
37.6191439	-121.7815966	230.2	1090
37.66734334	-121.8025294	128.1	1091
37.56798292	-121.7150586	561.7	1092
37.68941483	-121.9314255	132.2	1093
37.48633662	-121.7425784	378.4	1094
37.60965014	-121.9295238	285	1095
37.63792717	-122.0260811	161.7	1096
37.64513719	-121.6328959	414.5	1097
37.76848142	-122.0653626	184.6	1098
37.51083527	-121.7804108	553.1	1099
37.63607481	-121.9356856	558	1100
37.65328022	-121.6126924	502.4	1101
37.76795075	-121.7543587	357.1	1102
37.69931813	-121.9775598	252.7	1103
37.61463941	-121.7431926	250.4	1104
37.56287078	-121.8748457	121.4	1105
37.78923635	-122.0750017	244.7	1106
37.71834157	-122.0136726	171.8	1107
37.73015086	-122.0413176	202.8	1108
37.69738051	-121.9531206	154.3	1109
37.63525373	-121.933312	590.4	1110
37.73022409	-121.8155615	193.6	1111
37.62538214	-122.0334453	78	1112
37.72254432	-121.8469615	194.1	1113
37.62306601	-122.0221722	133.8	1114
37.76116151	-122.053633	235.2	1115
37.68323787	-121.7992288	131.1	1116
37.78379833	-122.0787565	275.3	1117
37.72604294	-121.6842356	305.7	1118
37.58406713	-121.5587843	747.9	1119
37.69742258	-121.9783074	228.1	1120
37.63306049	-122.0383166	113.2	1121
37.71803197	-122.0232009	251.2	1122
37.59714196	-121.9069013	126	1123
37.70060087	-121.8310256	115.9	1124
37.60110501	-121.7245114	241.3	1125
37.72208912	-122.021574	289.4	1126
37.75816674	-121.7507488	222.5	1127
37.62239156	-121.7523552	173.8	1128
37.75954538	-121.6777173	251	1129
37.57741854	-121.7988247	188.5	1130
37.73450822	-121.6282122	206.5	1131
37.49635043	-121.48041	971.6	1132
37.6883126	-121.932164	146.5	1133
37.52791334	-121.9006219	365.7	1134
37.48642318	-121.5903451	783.7	1135
37.75707421	-122.0350264	187.8	1136
37.49641819	-121.806001	458.8	1137
37.70200793	-121.5585364	146.5	1138
37.746051	-121.7805216	234.4	1139
37.59655701	-121.9771134	295.6	1140
37.7324385	-121.6262951	162.2	1141
37.5631611	-121.6813581	274.2	1142
37.80208041	-121.6117571	27.9	1143
37.56805377	-121.8353933	174.7	1144
37.57028975	-121.8049694	174.7	1145
37.61198593	-121.6850936	261.2	1146
37.4922498	-121.7511329	370.5	1147
37.60307494	-121.7356545	301.4	1148
37.76080871	-121.7509426	231.5	1149
37.80081804	-122.1044618	182.9	1150
37.70751873	-122.0094203	184.7	1151
37.72131136	-121.8129127	213	1152
37.51645671	-121.8680163	539.6	1153
37.68903316	-121.6684869	286.6	1154
37.63779127	-122.0347253	235.6	1155
37.75587494	-122.0432348	300.9	1156
37.71500691	-121.8212524	153.9	1157
37.74409125	-121.6336197	157.6	1158
37.54528788	-121.892366	362.9	1159
37.73658842	-121.8612439	184.5	1160
37.61888787	-121.6033036	405.4	1161
37.74534888	-121.589712	115.5	1162
37.54534758	-121.8405186	369.5	1163
37.73894605	-121.7322685	195.7	1164
37.75836452	-122.0845706	209.6	1165
37.73454454	-121.8114199	206.9	1166
37.67687357	-121.7902252	144.9	1167
37.76064206	-121.742104	324	1168
37.72072918	-122.0532184	104.7	1169
37.76960596	-122.0372791	195.6	1170
37.71650053	-122.0020107	253.9	1171
37.72244883	-121.941745	128.3	1172
37.59383426	-121.9844241	274.2	1173
37.65657804	-121.616716	512.5	1174
37.73044318	-122.032837	152.6	1175
37.72925619	-121.8243813	214.7	1176
37.70894537	-121.7581857	198.6	1177
37.72570987	-122.0051977	266.1	1178
37.66994464	-121.8240674	106	1179
37.73879124	-121.7040184	276.3	1180
37.71441854	-122.021685	260.9	1181
37.68732734	-121.9255879	115.1	1182
37.61774881	-121.7572334	219.2	1183
37.57481875	-121.8091718	170.2	1184
37.74770435	-121.8327506	216.4	1185
37.73541541	-122.0420493	250.8	1186
37.66987466	-121.7922437	135.5	1187
37.61445261	-121.5720194	500.8	1188
37.62230336	-121.7720425	310.6	1189
37.71472813	-121.7405688	154.9	1190
37.79157721	-121.6222284	72.5	1191
37.67498235	-122.0196246	209.2	1192
37.65519993	-121.5878101	468.1	1193
37.71190486	-121.9403119	125.3	1194
37.67347802	-121.5597623	417.2	1195
37.52979706	-121.543524	858.1	1196
37.49446288	-121.7585698	345.4	1197
37.78513739	-122.0637374	304.2	1198
37.65784166	-121.9414276	351.9	1199
37.69831173	-122.0314348	109.6	1200
37.74922563	-121.6765028	238.1	1201
37.71312239	-121.7905101	165.7	1202
37.69054293	-121.9486589	202.3	1203
37.63905359	-121.6136248	399.8	1204
37.64207287	-121.6436097	343.2	1205
37.76309052	-122.0593949	259.9	1206
37.71588294	-121.917408	104	1207
37.61578244	-121.7467238	216.2	1208
37.69282007	-121.9354693	166.9	1209
37.71440958	-122.0247753	232.4	1210
37.58085364	-121.8617154	121.2	1211
37.63412822	-122.0359916	117.6	1212
37.56518013	-121.9072899	265.9	1213
37.66777282	-121.9689187	462.5	1214
37.67023467	-121.8122405	112.5	1215
37.52924745	-121.8264478	386.2	1216
37.49865431	-121.9128894	72.5	1217
37.74989247	-121.5606541	55.6	1218
37.60983856	-121.8800346	131.7	1219
37.66493134	-121.6681859	262.1	1220
37.73078297	-121.6865522	315.6	1221
37.52025082	-121.7911659	653.9	1222
37.71740664	-121.8091123	189.8	1223
37.67251229	-121.8295616	121.9	1224
37.5636988	-121.9293075	190.8	1225
37.62287063	-121.9248406	644.7	1226
37.53255522	-121.9077736	252.2	1227
37.63263146	-121.5990508	545.9	1228
37.61305084	-121.9500121	393	1229
37.78802285	-121.6176216	49.8	1230
37.77383402	-122.0476081	283.6	1231
37.69710495	-121.7375158	160.6	1232
37.6141661	-121.9770946	374	1233
37.73816132	-121.6301757	178.1	1234
37.61036116	-121.6861774	272.4	1235
37.62742521	-121.884519	89.9	1236
37.71818381	-121.8405221	167.9	1237
37.60163005	-121.7461008	480.4	1238
37.8009981	-121.6145914	52	1239
37.48892268	-121.7471036	372.7	1240
37.65136196	-121.8784351	101.8	1241
37.71697766	-122.0527008	157.3	1242
37.53368906	-121.8209635	398.9	1243
37.61105114	-121.9481987	246	1244
37.72216766	-122.0099919	271.5	1245
37.7480076	-122.0615453	271.1	1246
37.56028843	-121.9434393	70.3	1247
37.65050976	-121.8959512	97.3	1248
37.68602489	-121.9273376	120.5	1249
37.57334355	-121.8709737	76.1	1250
37.60171942	-121.8833345	127.2	1251
37.50918219	-121.6496088	744.1	1252
37.62658833	-121.5628374	358.4	1253
37.5732181	-121.8490348	136.2	1254
37.76742712	-121.7524123	324.9	1255
37.7825228	-122.0683991	219.7	1256
37.74869862	-121.7939566	208.4	1257
37.80313359	-122.1356196	211.2	1258
37.79610046	-122.0910292	186.7	1259
37.69296183	-122.0251189	113.2	1260
37.59952763	-121.8859563	141.7	1261
37.63017396	-121.840085	304.6	1262
37.48795121	-121.7425935	460	1263
37.61813099	-122.0163129	121.8	1264
37.76921379	-121.6830924	255.9	1265
37.63900161	-122.0148652	302.7	1266
37.7200709	-122.0269689	283.2	1267
37.69439664	-122.0162847	171.6	1268
37.75214284	-121.8141472	240.9	1269
37.63853014	-121.9214644	312.3	1270
37.51445696	-121.5063876	815.5	1271
37.61057273	-121.8106993	202.2	1272
37.63593739	-121.868731	120.5	1273
37.74383365	-122.0292604	213.3	1274
37.56841984	-121.8325099	170.6	1275
37.72623973	-121.8239264	193	1276
37.62834581	-121.7719972	194.9	1277
37.49144255	-121.8772763	615	1278
37.54944361	-121.8968277	334.8	1279
37.59365817	-121.8608355	108.9	1280
37.7184592	-122.0089972	227.6	1281
37.7262468	-121.7035342	189.3	1282
37.68532573	-121.8583393	88.7	1283
37.58235615	-121.6775188	372.3	1284
37.58009038	-121.8475745	155.5	1285
37.48723092	-121.9239084	24.4	1286
37.61578608	-121.8025144	238.4	1287
37.62544222	-121.7833788	235.1	1288
37.73660306	-121.6546667	283.9	1289
37.75649013	-121.5585444	52.3	1290
37.73957637	-122.0336224	140.6	1291
37.65725367	-121.6444796	456.2	1292
37.54912505	-121.8326219	333.9	1293
37.66868286	-121.7704884	155.1	1294
37.71860983	-122.0362319	180.1	1295
37.65724345	-121.6991004	216.1	1296
37.71003913	-122.0041136	216.2	1297
37.76324854	-121.7544572	240.7	1298
37.49769398	-121.7289538	872.2	1299
37.48508758	-121.7561626	654.1	1300
37.60684511	-121.8312993	158.4	1301
37.49410778	-121.4772188	939.4	1302
37.77033672	-121.7433454	281	1303
37.70460917	-121.6916756	221	1304
37.71705703	-121.8570235	150.3	1305
37.58055952	-121.987547	19.6	1306
37.61289967	-121.8112484	205	1307
37.6367467	-121.6817492	297.1	1308
37.63746583	-121.9537596	345.6	1309
37.58419465	-121.8334943	186.5	1310
37.64311595	-121.9252222	319.2	1311
37.71704999	-121.9929646	230.2	1312
37.66754944	-121.7859322	141.8	1313
37.68899758	-121.7282119	171.4	1314
37.71423264	-121.9502406	186	1315
37.66241748	-121.832419	118.8	1316
37.63234535	-122.0311088	181.7	1317
37.61749876	-121.6876098	310.9	1318
37.60675513	-122.0059621	73.1	1319
37.78962855	-121.6081824	37.7	1320
37.58574927	-121.7505071	335.4	1321
37.73798908	-121.8690642	159.5	1322
37.60528896	-121.9734084	356	1323
37.53421506	-121.9132976	147.7	1324
37.76878111	-121.7493622	375.6	1325
37.58509081	-121.9901443	97.4	1326
37.73913227	-121.5849137	98.6	1327
37.63244498	-121.6291143	515.3	1328
37.64278855	-121.7887397	144.6	1329
37.74217971	-121.8131063	218.4	1330
37.72772586	-122.0215372	358.6	1331
37.69286454	-121.8621919	106.2	1332
37.55523838	-121.918781	129.9	1333
37.77682514	-122.0408562	283.9	1334
37.7552599	-121.8013622	218.6	1335
37.69879196	-121.9802473	221.6	1336
37.578329	-121.8508622	119.8	1337
37.72188194	-121.827207	202.4	1338
37.59607671	-121.9944507	136.3	1339
37.50475114	-121.8910364	407.6	1340
37.73030557	-121.9077402	134.6	1341
37.71549102	-121.9868201	225.1	1342
37.70614463	-121.9930891	258.6	1343
37.69355581	-121.7487218	163.1	1344
37.58760936	-121.8405801	145	1345
37.58948746	-121.9774643	166.1	1346
37.61353533	-121.8750286	94.9	1347
37.68652215	-121.8267431	110.2	1348
37.75030041	-121.7375682	219.1	1349
37.67062079	-121.9482212	360.9	1350
37.77652477	-121.6257514	83.5	1351
37.54037235	-121.9128683	194.2	1352
37.65406605	-121.6275918	475.5	1353
37.72125388	-121.6318278	237.6	1354
37.56782272	-121.7802295	227.5	1355
37.73221835	-121.8850246	172.8	1356
37.50865147	-121.776361	567.1	1357
37.73767572	-122.064714	311.7	1358
37.67094007	-121.6946279	234.9	1359
37.74394031	-121.8376729	268.8	1360
37.77563156	-121.6426006	125.4	1361
37.75572249	-121.7014749	303.6	1362
37.69570452	-121.9570873	199	1363
37.63304035	-121.6035663	473.3	1364
37.5837579	-121.8002969	164.3	1365
37.63603631	-121.8421421	254	1366
37.49431197	-121.5941067	667.4	1367
37.69464254	-121.769141	164.3	1368
37.67159908	-121.7002889	208.2	1369
37.59850059	-121.694206	388.6	1370
37.72550021	-121.7165265	180.3	1371
37.72983921	-121.869294	154.7	1372
37.52133638	-121.8964273	450.9	1373
37.78295655	-121.617505	77.2	1374
37.53860865	-121.8543972	109.3	1375
37.49156709	-121.9243929	29.5	1376
37.69272804	-122.0402506	134.9	1377
37.63138728	-121.8177849	238.7	1378
37.61046636	-121.8619116	156.3	1379
37.61754504	-121.8865599	155.9	1380
37.59333321	-121.9262829	264	1381
37.67329502	-121.6922523	253.9	1382
37.74177688	-121.7191658	200.8	1383
37.66658976	-121.8076302	120.5	1384
37.50702288	-121.6552036	734.8	1385
37.64923163	-121.6185328	455.8	1386
37.52691472	-121.8243694	341.6	1387
37.60862727	-121.9056605	424.7	1388
37.75405972	-122.0772643	119.9	1389
37.78334014	-121.6828362	269.6	1390
37.56130571	-121.9021811	215.8	1391
37.74204139	-122.0455337	315	1392
37.53290305	-121.5776834	920.2	1393
37.72624792	-121.9130499	121.1	1394
37.70196531	-121.992996	197.2	1395
37.69233156	-121.9468783	182.8	1396
37.49771633	-121.9023843	196.4	1397
37.56442588	-121.6849358	229.3	1398
37.73211415	-122.0056382	350.2	1399
37.72116339	-122.0179176	261.6	1400
37.71643982	-121.9515967	165.8	1401
37.56396066	-121.8994387	190	1402
37.7538642	-122.0130457	290	1403
37.60801868	-121.5956935	488.7	1404
37.78369502	-121.6112479	71.9	1405
37.68734097	-121.7184011	179.9	1406
37.63892571	-121.6807625	298.8	1407
37.494523	-121.6875232	1020.6	1408
37.72566851	-121.8547795	201.8	1409
37.68225952	-121.9300719	153.3	1410
37.69864059	-121.8260856	115.4	1411
37.69517659	-121.9380514	156.9	1412
37.65664545	-121.8180368	111.7	1413
37.50544891	-121.8204472	216.3	1414
37.49731301	-121.9105013	84.1	1415
37.65460956	-121.7162339	205.1	1416
37.71433249	-121.8031862	176.3	1417
37.5148014	-121.8043476	409.3	1418
37.53590414	-121.8251943	374.2	1419
37.7235775	-122.0203529	346.1	1420
37.74348454	-121.6373117	201.1	1421
37.77158473	-121.694288	305.9	1422
37.55259131	-121.5578047	667	1423
37.6688542	-121.8158389	83.5	1424
37.63044913	-122.0391939	60	1425
37.63454823	-121.6281032	546.8	1426
37.71574602	-121.9715313	257.5	1427
37.77956111	-121.5984287	77.3	1428
37.66080837	-121.6663699	259.4	1429
37.57583613	-121.7799353	234.1	1430
37.74410485	-121.6969794	333.9	1431
37.65919932	-121.7970863	135.6	1432
37.6033923	-121.9978291	142.7	1433
37.75178777	-121.81113	211.6	1434
37.70096345	-121.855543	108.6	1435
37.71248529	-121.9198051	103.4	1436
37.6658049	-121.661967	284.4	1437
37.73807822	-121.718665	172.8	1438
37.71803346	-121.9704033	262.7	1439
37.51625755	-121.8573721	519.7	1440
37.59035772	-121.7671434	268.1	1441
37.7739185	-122.0705938	229.7	1442
37.53557997	-121.671476	644.2	1443
37.54512984	-121.8547543	145.9	1444
37.65989412	-121.5706873	416.6	1445
37.75099501	-121.5579779	51.4	1446
37.76111537	-121.776819	218.5	1447
37.54459366	-121.9288493	71.7	1448
37.77956013	-122.0588027	347.7	1449
37.60028996	-121.9459613	131.9	1450
37.66361589	-121.6420481	421.5	1451
37.56632788	-121.8823629	90	1452
37.65716814	-121.7818466	150.6	1453
37.54024801	-121.5660686	652.8	1454
37.54877316	-121.9129124	162.6	1455
37.75177192	-121.7222254	285.2	1456
37.48572762	-121.8102261	427.8	1457
37.7284362	-121.8653284	144.4	1458
37.74059647	-121.8086923	194.9	1459
37.68619824	-121.6390248	409.9	1460
37.64473093	-121.587267	316.5	1461
37.65817453	-121.5844228	499.1	1462
37.57152387	-121.8037927	186.8	1463
37.64163102	-121.7123927	224.8	1464
37.78785505	-121.60453	49.6	1465
37.60974966	-121.7912889	265.8	1466
37.51711756	-121.8932612	527.4	1467
37.72761418	-121.8486537	230.9	1468
37.76946948	-122.1252803	237.2	1469
37.7135346	-122.0080065	289.6	1470
37.66592004	-121.770122	156	1471
37.54561814	-121.8484516	311.9	1472
37.5526208	-121.8909357	265	1473
37.55338517	-121.8759688	174.4	1474
37.78699775	-122.1170743	170.9	1475
37.60607444	-121.8857982	155.7	1476
37.58003996	-121.8579042	112.3	1477
37.77954665	-122.0655189	222.2	1478
37.79616171	-122.1225323	156.5	1479
37.68591979	-121.9361432	154.6	1480
37.62596417	-121.8802544	100.8	1481
37.60030562	-121.9779851	263	1482
37.66547381	-121.5620246	445	1483
37.7885627	-121.6473657	166.8	1484
37.56285122	-121.8182238	229.3	1485
37.71929889	-122.0287571	231.6	1486
37.5892031	-121.670639	408.1	1487
37.72891008	-122.0033435	253.6	1488
37.65358027	-121.8217991	138.1	1489
37.79818292	-122.0710775	251.1	1490
37.71477078	-121.9965857	254.1	1491
37.77151701	-122.0235542	217.4	1492
37.75826429	-122.0620036	173.1	1493
37.75505048	-121.6836336	314.8	1494
37.74540802	-122.0361931	241.1	1495
37.53082419	-121.562559	736.9	1496
37.76555021	-121.6566481	284.2	1497
37.71881153	-121.9440316	158.6	1498
37.76812787	-121.708475	397.7	1499
37.57554426	-121.8592051	167.4	1500
37.63035365	-121.9615003	448.1	1501
37.51258533	-121.8507145	488.8	1502
37.65586197	-121.5683526	398.6	1503
37.71739063	-121.6432013	362.8	1504
37.51404906	-121.7440008	956.4	1505
37.63549164	-121.7862985	184.2	1506
37.65572199	-121.8249178	135.3	1507
37.66248006	-121.6041177	524.8	1508
37.54824	-121.9080144	268.4	1509
37.62903715	-121.760686	168.5	1510
37.69182745	-122.0196527	162.8	1511
37.7598717	-121.5579019	43.8	1512
37.79753466	-122.0790434	217.8	1513
37.71062269	-122.0534424	110	1514
37.71029207	-121.7864503	163.7	1515
37.74537748	-121.8238564	238.7	1516
37.56434935	-121.9207965	219.1	1517
37.5704667	-121.6821189	287.7	1518
37.48610865	-121.7298299	556.5	1519
37.69336821	-121.95294	165.4	1520
37.6558325	-121.6378331	464.5	1521
37.64612326	-122.0394637	177.6	1522
37.71398867	-121.9770284	333.3	1523
37.63213994	-121.5938889	435.9	1524
37.51825725	-121.8671782	531.8	1525
37.64115185	-122.0154512	238.9	1526
37.52718726	-121.8485806	114.3	1527
37.67829242	-121.9241389	136.7	1528
37.6842627	-121.5961068	316.7	1529
37.70424921	-122.0249232	195.7	1530
37.74547643	-121.8079354	238.9	1531
37.67326306	-121.8649389	106.8	1532
37.54734142	-121.8881285	264.5	1533
37.60315578	-121.8442094	126.6	1534
37.7805809	-122.071137	270.6	1535
37.69923792	-121.9014967	100.9	1536
37.71636838	-122.0278275	228.3	1537
37.70551654	-121.5716284	149.6	1538
37.66283091	-121.5730952	432.4	1539
37.6161539	-121.6808676	286.3	1540
37.75509481	-121.588039	79.2	1541
37.73418901	-122.0099718	249.4	1542
37.66974876	-121.8361533	98.3	1543
37.58051872	-121.8111133	150.9	1544
37.65532106	-121.6508005	332.7	1545
37.57388532	-121.8918102	105.6	1546
37.66294635	-121.7977425	131.3	1547
37.75299356	-121.5804429	85.1	1548
37.70900556	-121.9632643	209.3	1549
37.61529334	-121.6944879	253.4	1550
37.58568788	-121.9472403	270.7	1551
37.75115451	-122.0683586	299.9	1552
37.55368125	-121.8359819	296.9	1553
37.58450362	-121.6978702	217.6	1554
37.73101768	-121.7245691	174.5	1555
37.52656344	-121.5357267	788.4	1556
37.59854639	-121.7314143	308.5	1557
37.58213732	-121.7339571	495.6	1558
37.73181078	-122.0275544	236.4	1559
37.78121298	-122.0249401	331.2	1560
37.73172468	-121.8190861	205.1	1561
37.67001923	-121.7657436	157.6	1562
37.59357576	-121.8113148	157.6	1563
37.48503545	-121.6587853	1019.6	1564
37.7831442	-122.0490428	311.7	1565
37.51471769	-121.9180467	81.2	1566
37.7778515	-122.0518991	289.3	1567
37.6622919	-121.8574707	117.9	1568
37.55521877	-121.6547305	637.8	1569
37.66911575	-121.7079744	254.3	1570
37.56555037	-121.565599	692.4	1571
37.77279296	-122.0594228	215	1572
37.57184388	-121.8861191	87.8	1573
37.48445146	-121.7643738	750.5	1574
37.5754479	-121.7701324	213.4	1575
37.66217248	-121.6258599	575.1	1576
37.61558115	-121.9433073	244.2	1577
37.61415463	-121.868704	111.1	1578
37.71114048	-121.861842	121.8	1579
37.62079685	-121.9273544	573.1	1580
37.74225527	-121.6159421	159	1581
37.65704852	-121.5627271	372.5	1582
37.63269957	-121.5825916	342	1583
37.50954513	-121.6901621	1112.6	1584
37.69339853	-122.0174903	156.8	1585
37.60391061	-121.5592743	588.2	1586
37.63752074	-121.6989143	281.1	1587
37.65620959	-121.7098258	207.6	1588
37.64584874	-121.5939347	331.2	1589
37.72940491	-121.6768346	283	1590
37.62265394	-121.7604765	188.7	1591
37.64153453	-121.6331996	414.6	1592
37.71393863	-122.0128493	154.5	1593
37.49807565	-121.6378123	758.5	1594
37.63362759	-121.7053247	256.6	1595
37.66859738	-121.559962	459.1	1596
37.69131154	-121.5993664	328	1597
37.62724852	-121.9438227	264.9	1598
37.72244798	-121.5643029	112.7	1599
37.72131288	-121.8797083	193.5	1600
37.78891111	-122.1122059	205.7	1601
37.78282219	-122.0880563	256.9	1602
37.74483714	-121.6423849	173.5	1603
37.61617311	-121.7608073	314.2	1604
37.79465302	-122.0710563	294.1	1605
37.77347497	-122.0645191	266.3	1606
37.57385713	-121.9113425	258.6	1607
37.62210109	-121.6892692	324.9	1608
37.64373638	-121.5726678	330.9	1609
37.51546443	-121.5681566	970.7	1610
37.78172373	-122.0795514	220.8	1611
37.57611338	-121.8807157	81.2	1612
37.51060675	-121.812651	297.2	1613
37.77717173	-122.0704899	216.3	1614
37.60149425	-121.7329535	287.5	1615
37.71895233	-121.8195941	228.2	1616
37.52773357	-121.9040348	329.9	1617
37.77511805	-122.0634654	297.6	1618
37.7047133	-121.7460248	177.7	1619
37.7747854	-121.6188602	96.8	1620
37.68522696	-121.8008557	128.9	1621
37.60562529	-122.0176111	31.9	1622
37.66543639	-121.6937083	220.6	1623
37.73309118	-121.8408256	186.5	1624
37.65448143	-121.9548814	508.9	1625
37.57688582	-121.6760455	386.4	1626
37.73352689	-121.616273	134	1627
37.80088734	-122.1225349	283.7	1628
37.57976407	-121.8177847	174.5	1629
37.70068415	-121.6803758	250.5	1630
37.57703438	-121.8179965	160.4	1631
37.59900588	-121.8494509	113.8	1632
37.70323882	-121.9852711	319.1	1633
37.61579961	-121.9218269	594.9	1634
37.64577889	-121.9270302	339.1	1635
37.59567202	-121.9311164	61.1	1636
37.54729482	-121.8217238	366.4	1637
37.68372232	-122.0335572	181.2	1638
37.74201454	-122.0496537	250.2	1639
37.74242698	-121.6852045	299.2	1640
37.71256576	-121.9718794	334.6	1641
37.50208807	-121.5371395	753.8	1642
37.71680281	-122.0222721	264.3	1643
37.65139335	-121.7520754	199.7	1644
37.48658106	-121.6233619	714.8	1645
37.70924494	-121.9962477	174.5	1646
37.63346807	-122.0302412	147.5	1647
37.67714639	-122.0277572	262.5	1648
37.72691863	-121.8404422	284.2	1649
37.72711521	-121.6322359	179.3	1650
37.64991234	-121.5577065	340.1	1651
37.54189856	-121.7516758	617.5	1652
37.76228691	-121.7452367	329.1	1653
37.54548253	-121.6101021	868.8	1654
37.56068939	-121.7085127	711.2	1655
37.66739291	-121.9827746	303.2	1656
37.71226853	-121.9903697	192.9	1657
37.54744249	-121.7293149	719.9	1658
37.72101117	-121.8080242	152.9	1659
37.76294151	-121.7132143	388	1660
37.71379946	-122.1006127	88.5	1661
37.62322637	-121.9932231	305	1662
37.78412064	-122.0415705	273.3	1663
37.61917167	-121.6787027	349	1664
37.63133279	-121.6952189	304.4	1665
37.53727962	-121.8761114	292	1666
37.71155534	-122.0181059	182.9	1667
37.52031315	-121.8923074	558	1668
37.49861286	-121.7526523	536.9	1669
37.61597715	-121.6911372	266.8	1670
37.57997794	-121.9784032	45.6	1671
37.49491632	-121.8589031	660.4	1672
37.73082972	-121.6541534	335.3	1673
37.77204495	-122.0707037	269.9	1674
37.5747325	-121.6536157	784.4	1675
37.74790697	-121.8228242	246.5	1676
37.75353495	-121.6189015	151.8	1677
37.67981625	-121.9639643	306.4	1678
37.70971358	-121.94108	114.9	1679
37.73190845	-121.8318838	186.7	1680
37.72155964	-122.0944802	154	1681
37.65436574	-121.7531679	177.7	1682
37.75749235	-122.0657708	257.2	1683
37.65616904	-121.6178867	490.1	1684
37.653873	-121.5740105	433.9	1685
37.53512695	-121.8318979	322.1	1686
37.57572165	-121.669885	481	1687
37.56685051	-121.8330624	216.4	1688
37.60156737	-121.7782687	356	1689
37.54263452	-121.912386	223.1	1690
37.69097713	-121.7564302	168.5	1691
37.59526021	-121.8551953	159.9	1692
37.5720237	-121.9529242	141.7	1693
37.62784182	-121.7676217	198.4	1694
37.65608541	-121.6717943	268.5	1695
37.69223165	-121.9939832	299.4	1696
37.56557526	-121.9157361	270.4	1697
37.50940142	-121.817229	284.4	1698
37.78483089	-122.105665	203.1	1699
37.59681666	-121.8578051	102.3	1700
37.74369533	-122.0072366	479.9	1701
37.61708943	-121.8443929	189.9	1702
37.58722453	-121.9820649	148.6	1703
37.72832198	-121.8871307	148.4	1704
37.61671827	-121.7507491	230.8	1705
37.5593392	-121.6607961	563.1	1706
37.48451496	-121.5704173	1122.8	1707
37.57620214	-121.8226948	196.6	1708
37.65376008	-121.5948922	468.5	1709
37.73615521	-121.6410971	277.9	1710
37.71837947	-122.110155	158	1711
37.61921801	-122.0227207	108.2	1712
37.60238104	-122.0076725	92.5	1713
37.68006034	-121.8842522	100.9	1714
37.70385428	-121.9326568	107.4	1715
37.72943184	-121.7988597	231.1	1716
37.56049218	-121.9174174	197.5	1717
37.6360825	-121.6164289	490.7	1718
37.6960336	-121.750715	168.3	1719
37.58067257	-121.9324054	312.4	1720
37.74184101	-121.780939	194.2	1721
37.67638095	-121.6919688	225.9	1722
37.71258579	-121.6172062	213.9	1723
37.63618094	-121.5962365	394.4	1724
37.56988031	-121.7751691	268.7	1725
37.55489011	-121.9377084	93.2	1726
37.76348869	-122.0670315	236.5	1727
37.75234018	-121.7345181	230.7	1728
37.62876438	-121.7540471	157.9	1729
37.73479166	-121.8707045	135.6	1730
37.63226392	-121.7667906	150.6	1731
37.7225363	-121.8058162	174.8	1732
37.61677136	-121.6640491	482.2	1733
37.74873445	-122.0389477	260.9	1734
37.53045175	-121.8936705	354.6	1735
37.65479841	-121.6576928	292.2	1736
37.48998754	-121.5441414	936.2	1737
37.57137779	-121.8145185	206.1	1738
37.64303676	-121.6446924	331.7	1739
37.63480088	-121.7432232	237.3	1740
37.71472037	-121.5937259	170.6	1741
37.57953207	-121.9130491	277.4	1742
37.57709791	-121.808626	154.7	1743
37.70989914	-121.843187	142.8	1744
37.66671417	-121.9813363	350.3	1745
37.60848281	-121.884862	191.3	1746
37.72985407	-122.0102099	235.8	1747
37.48890334	-121.8259991	223.7	1748
37.59603573	-121.8060568	163.3	1749
37.66666731	-121.5822735	522.4	1750
37.73211926	-122.0151685	244.9	1751
37.6984723	-121.9833924	206.3	1752
37.72069389	-122.0787536	138.1	1753
37.69561054	-121.9453651	130.8	1754
37.74670602	-121.598699	119.3	1755
37.74703924	-121.7939532	198	1756
37.50497732	-121.6202425	597.6	1757
37.72294633	-122.0761828	109.9	1758
37.53014961	-121.8415252	308.1	1759
37.59554698	-122.0013848	56.1	1760
37.56663386	-121.7048131	517.9	1761
37.79850427	-121.6167508	39.4	1762
37.5287482	-121.8186945	415.5	1763
37.63022066	-121.7470649	233.3	1764
37.49195606	-121.9165548	71.9	1765
37.60171691	-121.9093946	295.9	1766
37.63519155	-121.8602143	167.2	1767
37.6472985	-121.5799119	352.3	1768
37.56771314	-121.787607	258.1	1769
37.70275937	-122.0294815	164.7	1770
37.65906355	-121.7465118	176.6	1771
37.73538713	-121.8718966	149.4	1772
37.78552691	-122.0799578	329.7	1773
37.59101784	-121.9776302	191.2	1774
37.51045016	-121.9016558	218.9	1775
37.67795156	-121.934606	230.9	1776
37.60563907	-121.829044	153.2	1777
37.60614763	-121.917835	259.2	1778
37.73722975	-122.039114	283.4	1779
37.48929462	-121.8396793	481.7	1780
37.76808415	-121.5960469	64.9	1781
37.70339341	-121.7727394	150.7	1782
37.64207991	-121.5681617	333.1	1783
37.63112397	-121.8537198	263	1784
37.65889474	-121.6780886	252.2	1785
37.6962351	-121.7263082	167.4	1786
37.62438165	-121.9068539	263.1	1787
37.79013016	-122.0895467	153.4	1788
37.58438492	-121.9562546	164.6	1789
37.75722733	-122.0495492	250.9	1790
37.65621961	-121.6007658	387.1	1791
37.49784511	-121.5444661	896.5	1792
37.60702868	-121.9774684	371.9	1793
37.63139808	-121.7938568	179.4	1794
37.49822792	-121.8949449	305.7	1795
37.57850592	-121.8880652	98.1	1796
37.64856821	-121.6580827	305	1797
37.48926949	-121.626922	812.8	1798
37.74955792	-121.8210751	289.4	1799
37.58318667	-121.7972485	149.4	1800
37.65323838	-121.6634809	272.8	1801
37.5706183	-121.8248569	154.6	1802
37.56688431	-121.8502544	253.9	1803
37.61699279	-121.9903923	229.1	1804
37.64052817	-121.8811043	117.8	1805
37.48579105	-121.5462244	1051.9	1806
37.66720644	-121.5941559	590	1807
37.53510394	-121.7301713	767.8	1808
37.63044539	-121.8045955	201.3	1809
37.63837025	-122.0312616	251.9	1810
37.63113243	-121.5914954	489.6	1811
37.70059841	-121.7546669	191	1812
37.57069625	-121.9354644	225.3	1813
37.7422619	-121.6998955	293	1814
37.71278554	-121.7013799	177	1815
37.73486183	-121.8846376	194.9	1816
37.68755787	-121.8158222	124.9	1817
37.7028914	-121.7325622	162	1818
37.6249987	-122.0246671	139.9	1819
37.81094529	-122.1493663	243	1820
37.68902676	-121.6657957	266.3	1821
37.50019683	-121.5598657	952.8	1822
37.55540794	-121.6337606	928.5	1823
37.61029182	-121.8841782	195.1	1824
37.61171217	-121.9238429	357.8	1825
37.49517237	-121.898126	222.3	1826
37.68059905	-121.853012	112.2	1827
37.69212041	-121.7386381	163.7	1828
37.65815719	-121.6567021	290	1829
37.58626465	-121.8656173	140.7	1830
37.60800407	-121.9622591	432.8	1831
37.6430372	-121.7453243	284.1	1832
37.73742214	-121.735468	228.8	1833
37.7003407	-121.6084151	298.7	1834
37.61896989	-121.8958492	368.5	1835
37.59970034	-121.7460952	474.7	1836
37.69298364	-121.9658659	238.5	1837
37.4922285	-121.8145906	361.8	1838
37.4939184	-121.8707657	706.8	1839
37.78269078	-122.054714	334	1840
37.63990528	-122.0240837	250.4	1841
37.71078612	-122.0315056	205.9	1842
37.7848245	-121.6464572	125.4	1843
37.79285081	-122.124711	190.6	1844
37.48535285	-121.5096712	876.2	1845
37.6101389	-121.7753995	320.7	1846
37.67659624	-121.9644696	326.9	1847
37.70538023	-121.9450686	125.2	1848
37.48822689	-121.6357517	832.3	1849
37.5946243	-121.843658	116.8	1850
37.71733605	-121.6580788	370	1851
37.76047566	-121.5824146	84.2	1852
37.65354073	-121.7851092	145.5	1853
37.79226522	-122.0579746	371.5	1854
37.7888165	-122.0731916	252.5	1855
37.59832593	-121.9100999	188.5	1856
37.77175356	-122.0413833	208.4	1857
37.71182876	-121.7561589	184	1858
37.69415419	-121.6881169	202.7	1859
37.67019308	-121.9686904	385.7	1860
37.6575384	-121.9703032	338.5	1861
37.7507388	-121.7901786	218.6	1862
37.69613492	-121.9144762	98.6	1863
37.7167821	-121.9110385	112.6	1864
37.58416778	-121.8157362	154.3	1865
37.6079476	-121.9966978	155	1866
37.60401972	-121.77277	332.3	1867
37.56845645	-121.9126011	238.8	1868
37.61750356	-121.7240062	312	1869
37.72558925	-121.9788989	397.6	1870
37.65913599	-122.0115392	359	1871
37.63207576	-121.949598	280	1872
37.49132327	-121.9074125	105.5	1873
37.51820313	-121.8348445	183.5	1874
37.6498595	-121.890336	96.7	1875
37.69977236	-121.9336827	110.6	1876
37.47419877	-121.9136402	30.5	1877
37.54642761	-121.7233782	810.9	1878
37.70182823	-121.7607589	145.2	1879
37.64773263	-121.9662284	425.9	1880
37.64719755	-121.6138931	512	1881
37.7411015	-121.5860614	95.4	1882
37.60272308	-121.8820451	174.8	1883
37.77763373	-121.5816862	51.3	1884
37.57448628	-121.724433	520.1	1885
37.63899115	-121.7865767	161	1886
37.48771002	-121.6815182	1050.4	1887
37.69318126	-121.7767199	141.2	1888
37.5694174	-121.9495719	162.5	1889
37.7893831	-121.6425205	194.6	1890
37.70806668	-122.029805	149.4	1891
37.71520332	-122.040847	130.8	1892
37.75868779	-121.7055869	286.9	1893
37.67037877	-121.7868071	140.3	1894
37.63597266	-121.6455603	441.7	1895
37.52595291	-121.6253944	493	1896
37.5971704	-121.7860845	220.2	1897
37.72487121	-122.098137	106.3	1898
37.58464708	-121.5674774	630	1899
37.72905457	-122.0698489	228.9	1900
37.69506436	-122.0290161	205.6	1901
37.5527057	-121.8445677	352.9	1902
37.72813984	-122.0414119	191.9	1903
37.57926592	-121.9185733	334.5	1904
37.71021694	-121.8199608	209.4	1905
37.67561947	-121.5941774	428	1906
37.62387347	-122.0138571	210.4	1907
37.70461694	-122.0381522	211.6	1908
37.5847044	-121.977617	121.4	1909
37.60805455	-121.9459892	120.1	1910
37.60628874	-121.9368346	429.2	1911
37.60880817	-121.8481511	154.3	1912
37.66481579	-121.5723433	452.8	1913
37.78719422	-122.0300367	479.5	1914
37.7258039	-121.9250279	105.8	1915
37.49023816	-121.8785835	575.9	1916
37.58363973	-121.9161157	260	1917
37.66756076	-122.007374	291.4	1918
37.70463769	-122.0158556	158.6	1919
37.58403583	-121.7450284	459.9	1920
37.68606019	-122.0287891	235.8	1921
37.65195523	-121.6982537	243.1	1922
37.48730377	-121.7717092	698.5	1923
37.49794868	-121.8733235	758.8	1924
37.71274876	-121.9646665	217	1925
37.69025816	-121.6165644	367.5	1926
37.63837006	-121.8960301	149.6	1927
37.77407688	-121.6450478	167.3	1928
37.77978795	-121.6903683	357.8	1929
37.5623425	-121.8656081	39.6	1930
37.734917	-121.8166181	247.6	1931
37.54127748	-121.8994362	254.2	1932
37.51377966	-121.7886502	558.1	1933
37.71422096	-121.7930088	164.5	1934
37.54084431	-121.8938657	344.2	1935
37.72695074	-121.8273862	168.1	1936
37.53688711	-121.9085598	240.3	1937
37.75385462	-122.0582372	164.7	1938
37.63882451	-122.0121797	238.7	1939
37.54430895	-121.8755168	240	1940
37.66494603	-121.8283024	118.5	1941
37.54101017	-121.8386207	280.8	1942
37.65609393	-121.9830058	236.4	1943
37.48721197	-121.8356148	284.8	1944
37.59851581	-121.8802757	75.3	1945
37.77559192	-122.0868124	178.7	1946
37.60283727	-121.9820575	209.6	1947
37.65698612	-121.8572552	141	1948
37.56192367	-121.932096	216.9	1949
37.79690148	-122.1594854	324.8	1950
37.76147422	-121.7405464	354.7	1951
37.71362964	-121.9278872	103.6	1952
37.75386442	-121.7504631	199.3	1953
37.67387549	-122.0104124	142	1954
37.59316348	-121.9191203	137	1955
37.64257518	-121.7007424	301	1956
37.59111943	-121.9880348	226.8	1957
37.67278547	-121.8007547	130.9	1958
37.66021713	-121.8017363	130.2	1959
37.55573301	-121.6064316	1089.8	1960
37.55852308	-121.7120453	569.6	1961
37.49076129	-121.480722	850.4	1962
37.52377216	-121.5585231	818.7	1963
37.56463874	-121.6874368	226.5	1964
37.69233704	-122.0471928	77.7	1965
37.64686486	-121.7337705	274.9	1966
37.66428677	-121.6535358	340.6	1967
37.52570177	-121.7652562	669.6	1968
37.71830201	-121.9991718	287.3	1969
37.6238227	-122.0021414	344.8	1970
37.49206456	-121.4987968	779.9	1971
37.74239176	-122.109352	142.2	1972
37.66148763	-121.6900254	224.9	1973
37.65527514	-121.7689126	162.3	1974
37.717301	-121.8353896	207.3	1975
37.51061269	-121.8931196	353.5	1976
37.77242614	-122.0205801	273.5	1977
37.58988474	-121.7033436	310.6	1978
37.74330966	-121.6640772	226.1	1979
37.70939955	-121.8885676	109	1980
37.77502628	-122.1152206	140.3	1981
37.63101145	-121.9227496	396.3	1982
37.7359307	-121.7669625	167.4	1983
37.75150921	-121.6624696	348.6	1984
37.49233871	-121.5800555	986.5	1985
37.59883746	-121.8905751	92.1	1986
37.6663882	-121.7485288	170.9	1987
37.69789528	-122.0515272	102.4	1988
37.74479011	-122.0469605	254	1989
37.60768042	-121.5759491	651.5	1990
37.5679017	-121.6367718	935.9	1991
37.68089262	-121.7649283	152.5	1992
37.59345736	-121.8369724	143.4	1993
37.64503926	-121.9504035	519.8	1994
37.6577017	-121.9460767	360	1995
37.6823397	-121.9899385	377.9	1996
37.52270034	-121.8006598	542.8	1997
37.74627355	-121.7238174	202.2	1998
37.72472162	-121.6739618	272.3	1999
37.55066521	-121.7444856	752.1	2000
37.7795071	-121.6241505	79.3	2001
37.52878216	-121.7891711	685.4	2002
37.72156414	-121.7116099	172.4	2003
37.56012337	-121.8710697	92.3	2004
37.606688	-122.008413	61.3	2005
37.81589446	-121.557661	1.7	2006
37.53808581	-121.5647042	655.5	2007
37.60997223	-121.8385898	158.7	2008
37.75018555	-121.5633321	59.9	2009
37.6608332	-121.9266202	402	2010
37.5480579	-121.8898402	287.3	2011
37.63931742	-121.9384488	543.2	2012
37.70835633	-121.8495257	130.9	2013
37.66071658	-121.9329389	432.7	2014
37.58216912	-121.9563348	107.1	2015
37.58338976	-121.9749352	124.8	2016
37.55135667	-121.9182598	130.4	2017
37.60916071	-122.0162818	50.7	2018
37.75938866	-121.5662592	57.4	2019
37.76080385	-122.0892613	103.7	2020
37.62476514	-122.0275477	99.9	2021
37.6822183	-121.9345994	183.1	2022
37.80083798	-122.1053006	186.4	2023
37.58635803	-121.938402	335.1	2024
37.69336569	-121.6760737	244.3	2025
37.78521751	-121.6149103	72.6	2026
37.70756031	-122.0155092	177.3	2027
37.65621602	-121.5946664	514.3	2028
37.63297007	-121.7291523	290.4	2029
37.66915576	-121.9493231	379.1	2030
37.58403685	-121.796486	151.5	2031
37.64949109	-121.9492852	540.2	2032
37.70776403	-121.7683074	169.5	2033
37.77978494	-122.055052	349.3	2034
37.56640907	-121.7837812	259.9	2035
37.53479089	-121.8971454	315.3	2036
37.72860522	-121.7216589	164.7	2037
37.62819641	-121.5787372	341.7	2038
37.8022334	-122.1155801	164.9	2039
37.63201647	-122.0394163	75.8	2040
37.55558691	-121.8711144	170.6	2041
37.69910933	-121.8453981	109.6	2042
37.65583108	-121.9255955	401.3	2043
37.76952535	-122.0591999	238.6	2044
37.70423385	-122.0487284	122	2045
37.78156777	-122.0527475	316.5	2046
37.69791898	-121.8594692	106.9	2047
37.79373313	-122.0941439	187.8	2048
37.69137728	-121.687275	204.4	2049
37.69918289	-121.7637679	147.9	2050
37.79959968	-122.0814393	290.9	2051
37.6076727	-121.8031186	193.9	2052
37.62419834	-121.741916	240	2053
37.67573146	-121.6584951	330	2054
37.62222618	-121.7672111	251.1	2055
37.56894873	-121.716586	569.3	2056
37.75609662	-122.0400152	274.8	2057
37.69754775	-121.8428018	109.6	2058
37.57342204	-121.8100638	186.4	2059
37.70654106	-122.0114633	170.9	2060
37.69528472	-121.632399	392.4	2061
37.60252543	-121.716422	254.5	2062
37.7023001	-121.6874063	200.5	2063
37.76384479	-121.7700685	231	2064
37.62316629	-121.7494794	170.9	2065
37.70362142	-122.0347423	135.6	2066
37.62660291	-121.7444402	213.2	2067
37.6341913	-121.730609	259.9	2068
37.64840117	-121.8437804	207.6	2069
37.68033828	-121.5599038	371.1	2070
37.62127751	-122.0204741	121.2	2071
37.58715496	-121.8914663	71.1	2072
37.77572915	-121.6401075	126.6	2073
37.6265888	-122.0268096	113.1	2074
37.69939198	-121.6378419	388	2075
37.59936232	-121.85956	118.7	2076
37.65502537	-122.0162392	372.5	2077
37.78721921	-122.066504	272.7	2078
37.69295389	-121.7467654	161.6	2079
37.60638352	-121.8251931	169.6	2080
37.71014725	-121.8153812	179.2	2081
37.79476672	-122.0738687	337.4	2082
37.60843437	-122.0102671	70.1	2083
37.60916586	-121.8155496	210.6	2084
37.64537554	-122.0297122	233.4	2085
37.58383088	-121.9344827	345.2	2086
37.65957652	-121.9284895	380.9	2087
37.50555316	-121.6626661	810.8	2088
37.58264237	-121.7944147	161.1	2089
37.6444472	-121.9687462	369.2	2090
37.69753441	-121.8168785	118.6	2091
37.57821662	-121.6967208	230.8	2092
37.62346386	-121.9228051	603.8	2093
37.67625602	-122.0043317	220.8	2094
37.64002232	-122.0326119	233.4	2095
37.6926304	-121.9704534	285	2096
37.76833021	-121.6486233	213.1	2097
37.57061077	-121.8351966	152.5	2098
37.74889028	-122.0753774	99.1	2099
37.6163619	-121.8772527	96.4	2100
37.65413016	-121.7303386	201	2101
37.62591386	-121.7311371	332.5	2102
37.57035509	-121.6878384	231.3	2103
37.6534024	-121.9783959	362.4	2104
37.69155558	-121.9588269	208.2	2105
37.66566312	-121.7831545	144.4	2106
37.72292461	-121.6872047	199.1	2107
37.67482036	-121.8064666	99.8	2108
37.70025962	-121.7360783	160.5	2109
37.60054094	-121.6867277	373.3	2110
37.70691598	-122.0347155	192	2111
37.58573104	-121.6139556	508.8	2112
37.70858384	-121.6886002	203.3	2113
37.73482426	-121.8538375	199.7	2114
37.64966144	-121.8549054	158.5	2115
37.61869229	-121.5739227	427	2116
37.6810696	-121.7958541	134.5	2117
37.61847091	-121.7680541	299	2118
37.7224034	-121.5599082	107.1	2119
37.50409446	-121.7272757	913.4	2120
37.70521433	-121.6072707	212.8	2121
37.59233599	-121.7274611	317.9	2122
37.72519428	-121.8453766	200	2123
37.61035222	-122.0042398	135.5	2124
37.69679233	-121.8404673	107.2	2125
37.75914711	-121.7194805	363.9	2126
37.71293521	-121.8381098	147.8	2127
37.51377547	-121.810884	399.4	2128
37.62824867	-121.5583869	320.5	2129
37.6259459	-121.7699597	238.7	2130
37.7307705	-121.8945749	147	2131
37.60521746	-122.0155317	33	2132
37.69852602	-121.7774637	137.5	2133
37.76061158	-122.0413297	267.3	2134
37.60973014	-121.8746822	84.5	2135
37.72618138	-121.8330433	219.3	2136
37.70618311	-121.7521617	151.6	2137
37.77453156	-121.6376723	121.6	2138
37.57142811	-121.7926236	229.3	2139
37.63331089	-121.7909979	173.6	2140
37.6058248	-121.9631248	393.1	2141
37.61285819	-121.928991	413.5	2142
37.64634642	-121.6757622	311.4	2143
37.54543071	-121.8518427	247	2144
37.77593469	-121.651575	205.9	2145
37.81327536	-122.1630345	309	2146
37.60376254	-121.8089374	179.4	2147
37.71637374	-121.8333192	194.4	2148
37.60972905	-121.8294067	192.8	2149
37.70670729	-121.7559876	155.3	2150
37.62678104	-121.9509963	422.4	2151
37.54410506	-121.7401427	690.2	2152
37.73052838	-121.7107873	167.9	2153
37.73021563	-121.7088217	169.1	2154
37.71248839	-122.0001214	235.8	2155
37.5822847	-121.8312587	155.8	2156
37.72903972	-121.8123288	238.4	2157
37.70470147	-121.7894847	161.7	2158
37.51092188	-121.79356	426.3	2159
37.77816287	-122.0181517	379.7	2160
37.70098073	-122.0443939	96.2	2161
37.59991967	-121.9534687	199.1	2162
37.76463993	-121.6853345	262.2	2163
37.59790862	-121.7678084	387.7	2164
37.69818583	-121.5726522	163.7	2165
37.66925872	-121.6941011	222.7	2166
37.72841127	-121.6900952	243	2167
37.69348668	-121.7431075	162.7	2168
37.70187735	-121.6237403	269.1	2169
37.65301464	-121.7314412	222.9	2170
37.56283704	-121.8391029	282.2	2171
37.58477772	-121.6789033	272.4	2172
37.75951123	-122.0618542	164	2173
37.53717979	-121.8569289	134.8	2174
37.70573157	-121.8457714	116.3	2175
37.69694881	-121.6147616	372.5	2176
37.68161992	-121.71594	186.2	2177
37.73665975	-122.0216806	227	2178
37.69654141	-121.7346706	162	2179
37.79138534	-122.0628796	248	2180
37.69002393	-122.0064581	283.3	2181
37.75808719	-121.5769491	59	2182
37.79992518	-122.1053729	210	2183
37.7170322	-122.0237975	243.3	2184
37.69892261	-122.0485299	91.8	2185
37.71838588	-121.8413503	176.6	2186
37.71186412	-121.9852223	260.8	2187
37.6183132	-121.8791683	91.8	2188
37.59463421	-121.9869306	282.8	2189
37.69421576	-122.0393271	144.4	2190
37.64450776	-121.7763514	147.4	2191
37.7002597	-121.670298	256.8	2192
37.71261818	-122.0034714	253.9	2193
37.61157966	-121.6894206	263.7	2194
37.70990715	-122.0600621	132.6	2195
37.77773351	-122.0551889	350.9	2196
37.71224597	-121.6318274	371.2	2197
37.69381314	-121.8077882	122	2198
37.60962119	-121.7810019	315.4	2199
37.63234536	-121.970201	452.4	2200
37.77077	-122.0346389	246	2201
37.62715639	-121.7802004	218.4	2202
37.62095438	-121.9971163	294.6	2203
37.79248625	-121.5955966	30.4	2204
37.48546843	-121.8799226	494	2205
37.81116233	-121.5759801	6.9	2206
37.6000062	-121.9284355	185.2	2207
37.75506112	-121.6874718	291.7	2208
37.73605931	-121.9955192	507.7	2209
37.61797501	-121.8041867	256.4	2210
37.50917154	-121.5456409	844	2211
37.56597508	-121.9327443	231.8	2212
37.6998024	-121.724302	167.1	2213
37.69165437	-122.0079971	260.4	2214
37.56443038	-121.8324904	189.4	2215
37.71004634	-121.7603787	171	2216
37.72023595	-121.9300598	106.7	2217
37.6050566	-121.7649668	343.3	2218
37.69596697	-121.6108786	377.2	2219
37.70827661	-121.9897665	286.6	2220
37.64811563	-121.7803053	145.9	2221
37.57382085	-121.8955521	131.3	2222
37.55043251	-121.8900976	286.4	2223
37.72264724	-122.0347039	146	2224
37.70519555	-122.0110227	144	2225
37.77279597	-122.0409409	203.3	2226
37.57101073	-121.8575731	216.3	2227
37.62858023	-121.8648892	134.7	2228
37.57790026	-121.9686989	20	2229
37.55823749	-121.8296754	256.7	2230
37.64745524	-121.7291246	262.2	2231
37.69534746	-121.7760762	144.5	2232
37.71158652	-121.9810968	249.2	2233
37.71152611	-122.0217287	246.2	2234
37.61726109	-121.8747197	140.1	2235
37.62899539	-121.9918341	415.2	2236
37.48473936	-121.9169901	41	2237
37.70280715	-121.5576074	134.8	2238
37.77383617	-121.7063391	424.9	2239
37.53005414	-121.849874	114.3	2240
37.69588979	-121.9956416	244.7	2241
37.64991316	-121.8431604	187.1	2242
37.71945524	-121.62143	271.6	2243
37.63277862	-121.6725721	371	2244
37.62175333	-121.7550711	167.1	2245
37.72937328	-121.8672033	181.7	2246
37.61413908	-122.0042859	207	2247
37.70645423	-121.9680306	259	2248
37.74771224	-121.7422691	188.6	2249
37.57223496	-121.7190073	603	2250
37.60388926	-121.984039	175.8	2251
37.71732478	-122.0336927	231.2	2252
37.6881202	-121.9427648	203.5	2253
37.69393541	-121.8495384	105.2	2254
37.59449416	-121.5590615	671.3	2255
37.70112388	-121.9453118	132.4	2256
37.75946468	-121.6542721	340.8	2257
37.71765866	-121.9871458	289.3	2258
37.63032294	-121.8245929	273.3	2259
37.51390278	-121.5266908	781.2	2260
37.68886631	-121.735726	166.5	2261
37.6691727	-121.5771249	493.2	2262
37.50057519	-121.8384007	414	2263
37.63149806	-122.0329543	187	2264
37.77824914	-121.6033911	94.6	2265
37.55049325	-121.8641883	106.2	2266
37.59254706	-121.9513009	43.7	2267
37.71984745	-122.0012131	232.8	2268
37.78113112	-121.6453879	196.4	2269
37.69876127	-121.8414364	109.6	2270
37.59132543	-121.7731758	232.6	2271
37.73568782	-121.6282595	232.9	2272
37.61473675	-122.0073428	139.7	2273
37.58626206	-121.6187647	545.4	2274
37.53516605	-121.9009431	355.6	2275
37.60005561	-121.6265758	698.9	2276
37.66997239	-121.9415431	325.6	2277
37.69498961	-121.9601342	227.9	2278
37.62451158	-121.7007729	254.3	2279
37.6342796	-121.6823786	335.9	2280
37.59886067	-121.8678383	134	2281
37.6443679	-121.6393165	366.5	2282
37.70868664	-121.772356	172.7	2283
37.51595876	-121.7859442	619.2	2284
37.6537362	-121.5680256	403.9	2285
37.51928552	-121.8261008	186.3	2286
37.65363981	-121.81052	127.1	2287
37.68899998	-122.0317778	212.2	2288
37.71257093	-121.6068285	171.1	2289
37.60977022	-121.9718913	339	2290
37.70588733	-121.9527223	164.4	2291
37.69872966	-122.0420075	106.1	2292
37.71807612	-121.8452946	177.1	2293
37.70986779	-121.9763801	316.2	2294
37.71338585	-121.6878017	204.2	2295
37.62032131	-121.7902468	247.4	2296
37.5746788	-121.7758549	243.4	2297
37.63268111	-121.9969554	374.3	2298
37.66849576	-121.9926672	254.1	2299
37.61041913	-121.9645009	397.8	2300
37.62847204	-121.6674115	412.1	2301
37.62295079	-121.88829	169	2302
37.64687839	-121.6262598	430	2303
37.79874816	-122.0657171	341.7	2304
37.78342839	-121.6435429	145.4	2305
37.78908648	-121.6654025	212.4	2306
37.55651673	-121.840765	259.7	2307
37.6910627	-121.8119794	122.4	2308
37.56175448	-121.8887679	155.7	2309
37.62303673	-121.7031019	238.2	2310
37.66843678	-121.7771288	153	2311
37.81390671	-121.5659286	2.7	2312
37.62749545	-121.6140302	334.7	2313
37.62869481	-121.8687371	142.5	2314
37.54760249	-121.8933453	341.8	2315
37.79465623	-122.1444402	313.9	2316
37.80857679	-121.5867394	11.7	2317
37.71786924	-121.5650175	111.2	2318
37.81296956	-121.5591669	1.3	2319
37.62877958	-121.936674	383.7	2320
37.64890665	-121.8779054	105.5	2321
37.58940032	-121.9593384	79.4	2322
37.57062345	-121.8104069	202.6	2323
37.64184388	-121.7595038	182.4	2324
37.64696649	-121.666284	302.2	2325
37.62103197	-121.8645938	199.9	2326
37.51455252	-121.830179	128.8	2327
37.72203017	-121.5909599	161.4	2328
37.56117933	-121.5600926	780.5	2329
37.62475539	-121.7737516	276.4	2330
37.69550945	-121.5984153	309.4	2331
37.57140344	-121.8216265	195.9	2332
37.58476167	-121.9665163	119.4	2333
37.67736944	-121.6690349	288.9	2334
37.79648996	-122.0617115	371.4	2335
37.70864462	-121.6620879	408.9	2336
37.70788648	-121.9805165	281.4	2337
37.79106759	-121.653878	152.6	2338
37.60069694	-121.7402317	449.2	2339
37.79590798	-122.0949821	194.5	2340
37.68823599	-121.623632	409.8	2341
37.75667693	-121.7834565	209.1	2342
37.67247082	-121.9338774	268.2	2343
37.80402295	-121.5825243	1	2344
37.56855552	-121.7603759	404.8	2345
37.53541901	-121.8534486	99.8	2346
37.62821008	-121.5742928	336.9	2347
37.69970878	-121.5898646	252.4	2348
37.76937797	-122.055114	293.5	2349
37.70252756	-121.5877396	231.9	2350
37.70387613	-121.8317332	126.2	2351
37.60703646	-121.7845738	310.7	2352
37.64430104	-121.5811998	363.9	2353
37.59217106	-121.8932041	73.3	2354
37.75086228	-121.7615587	210.3	2355
37.57276951	-121.5635908	735.4	2356
37.64426445	-122.0466285	179	2357
37.52121299	-121.5117178	837.9	2358
37.70568986	-121.5845597	171.6	2359
37.55925827	-121.6769806	266.2	2360
37.69126915	-121.5944615	315.5	2361
37.52221834	-121.8407234	194.1	2362
37.70736577	-121.789018	191.4	2363
37.75628386	-121.693876	359.5	2364
37.64663966	-121.8611787	161.2	2365
37.61469223	-122.0152478	95.6	2366
37.71014428	-122.0123272	231.8	2367
37.67426562	-121.5701594	386.8	2368
37.5898744	-121.904766	203.2	2369
37.61857054	-122.0240338	153.3	2370
37.51985175	-121.8734683	504.7	2371
37.76369321	-121.9993361	267.4	2372
37.70971744	-121.9990742	184.1	2373
37.6946454	-121.6301797	411.3	2374
37.59550445	-121.9353857	143.6	2375
37.64654489	-121.568141	354.7	2376
37.5650452	-121.7694494	373.9	2377
37.62546271	-121.9397975	334.5	2378
37.76262488	-122.0526367	238.2	2379
37.75434153	-121.7128723	279.6	2380
37.70551077	-121.9638498	245.1	2381
37.70642434	-121.6093006	266.7	2382
37.59431629	-121.8809099	92.8	2383
37.66238861	-121.6632034	272.3	2384
37.54132043	-121.8183216	353.3	2385
37.62696207	-121.9560086	541.8	2386
37.73180752	-121.9000425	137.8	2387
37.69146491	-121.8019642	125	2388
37.67538114	-121.9982224	275.1	2389
37.61432219	-122.0122158	165.6	2390
37.58121265	-121.882356	72.8	2391
37.58439657	-121.904512	191.1	2392
37.57605535	-121.6150035	777.2	2393
37.62052233	-121.5625953	513.1	2394
37.7120392	-122.1075972	137.2	2395
37.7089595	-121.6526882	368.2	2396
37.7118367	-121.8341731	165.4	2397
37.5472424	-121.9270133	164.2	2398
37.77833706	-122.0791869	200.9	2399
37.48525505	-121.7819072	670.9	2400
37.79257936	-121.6437126	198.8	2401
37.80320394	-121.592979	27.7	2402
37.70959982	-121.846757	136.1	2403
37.61199897	-121.8081485	193.6	2404
37.5912737	-121.992117	104.8	2405
37.55339258	-121.8285734	330.5	2406
37.67951372	-121.9172952	101.7	2407
37.72622793	-121.6090849	195.4	2408
37.77178134	-122.0268812	262.8	2409
37.67795855	-121.6859833	245.1	2410
37.62926741	-121.6951222	324.4	2411
37.7622681	-122.071859	302.9	2412
37.78850487	-122.0477617	385.8	2413
37.70142576	-121.9665901	294.1	2414
37.66369403	-121.9859139	318.9	2415
37.70357271	-121.9712597	295.5	2416
37.61881204	-121.9678307	443.7	2417
37.63484736	-121.782932	170.4	2418
37.75804136	-122.055021	223.1	2419
37.65188819	-121.6448652	366.9	2420
37.60379169	-121.9005607	347.7	2421
37.71108949	-121.8522544	128.8	2422
37.73101447	-121.8052199	258.4	2423
37.68933836	-121.6119462	441.1	2424
37.64648947	-121.875616	113.1	2425
37.68511071	-121.9983462	305.9	2426
37.6671975	-121.7637024	160.6	2427
37.60128359	-121.8403946	133.2	2428
37.58636803	-121.8700274	78.1	2429
37.64284176	-121.9994874	413.6	2430
37.62802398	-121.7977771	218.9	2431
37.76019045	-121.5715656	48.5	2432
37.78725818	-122.0714695	301.9	2433
37.71810026	-121.8632028	148.8	2434
37.49792677	-121.5237117	830.9	2435
37.58817866	-121.7746494	220.5	2436
37.55439115	-121.8745854	207.5	2437
37.64664678	-121.847147	202.5	2438
37.56996001	-121.9590022	33.7	2439
37.7266738	-122.1074045	111.5	2440
37.59601038	-122.0068926	26.6	2441
37.53784498	-121.8450318	226.9	2442
37.8003592	-121.601108	22.4	2443
37.77101038	-121.5862155	76.3	2444
37.68405352	-121.6660522	329	2445
37.6875019	-121.9997689	279.6	2446
37.59221826	-121.9620706	221.8	2447
37.67973647	-122.0338111	214.6	2448
37.76717162	-121.5912303	60.5	2449
37.57530974	-121.6015522	788	2450
37.69305232	-121.9801712	242.6	2451
37.7672987	-122.0209668	206.5	2452
37.71794776	-121.9035354	119.3	2453
37.69335418	-121.794499	131.3	2454
37.60648864	-121.7015037	345.9	2455
37.56646966	-121.8420251	183.5	2456
37.75276546	-122.0591033	152	2457
37.77115845	-122.1225813	170.5	2458
37.63238565	-122.0114401	256.7	2459
37.61965397	-121.6939176	283.9	2460
37.71349194	-121.6115088	171.9	2461
37.65028736	-121.8050757	130.4	2462
37.74083058	-122.0813368	221.1	2463
37.68335651	-121.5622462	340.3	2464
37.75646308	-121.7734239	194.8	2465
37.68093341	-121.7277508	175.1	2466
37.57243169	-121.8005138	215.9	2467
37.55176745	-121.832693	276.8	2468
37.55225128	-121.8409362	374.4	2469
37.7162032	-121.8825436	124	2470
37.61275633	-121.9467926	351.3	2471
37.62385609	-121.9874341	254.2	2472
37.70056996	-121.8849337	104.5	2473
37.57750976	-121.9577687	125.9	2474
37.76177361	-122.0056131	240.4	2475
37.72696771	-122.0855133	72.1	2476
37.70878831	-121.8608071	112.1	2477
37.69186226	-121.9382976	165.5	2478
37.74021233	-122.0064047	479.9	2479
37.70139892	-121.5632429	150.1	2480
37.55654637	-121.8176224	383.1	2481
37.75630013	-122.0745502	161.2	2482
37.79046677	-122.1279637	187	2483
37.6152299	-121.8986114	211.5	2484
37.55293354	-121.8189752	527	2485
37.76155749	-122.0147875	290	2486
37.64974472	-122.0057338	434.2	2487
37.64089314	-121.9200661	401.8	2488
37.56519221	-121.6163593	910.4	2489
37.75643607	-121.6769449	241.3	2490
37.6144981	-121.596508	544.6	2491
37.5766189	-121.9637575	26.6	2492
37.70424079	-122.0005813	203.7	2493
37.51898717	-121.5910088	928.1	2494
37.70500066	-121.5812319	164.9	2495
37.71567526	-121.6203058	249.4	2496
37.77240436	-121.6861969	248.8	2497
37.57773349	-121.9414256	303.8	2498
37.54863194	-121.8503203	239.2	2499
37.72519186	-121.8807832	177.4	2500
37.64758297	-122.009546	403.2	2501
37.72413905	-122.1088431	69.7	2502
37.5570945	-121.8961941	202.4	2503
37.48420038	-121.8720117	682.6	2504
37.67565507	-121.9940929	299.7	2505
37.56631857	-121.6712063	558.9	2506
37.69244656	-121.5823115	274.7	2507
37.78544859	-121.6305701	112.4	2508
37.64058725	-121.6200271	547.5	2509
37.61764989	-121.6395054	611	2510
37.50698665	-121.8707867	695.8	2511
37.54838174	-121.7698073	492.4	2512
37.54121499	-121.7977606	664.5	2513
37.64956426	-121.6265921	479	2514
37.53865422	-121.7766699	567.5	2515
37.5860096	-121.6640142	534.5	2516
37.67995736	-121.6777945	253.4	2517
37.74533356	-121.7994259	294.9	2518
37.72235376	-121.7609537	157.6	2519
37.55905788	-121.9358608	168.2	2520
37.72583856	-121.6216539	222.4	2521
37.72383349	-121.5744942	127.6	2522
37.59017029	-121.9363647	139.3	2523
37.61626708	-121.5759887	429.2	2524
37.57987943	-121.8282806	141.7	2525
37.54371519	-121.7896882	454.1	2526
37.59357454	-121.7990685	167.6	2527
37.63587276	-121.9026241	235.8	2528
37.74484658	-122.1008653	243.3	2529
37.50516336	-121.5935336	781.8	2530
37.67326953	-121.885164	101.8	2531
37.79693179	-122.1546191	271.5	2532
37.58781674	-121.6336155	483.5	2533
37.52148789	-121.6586182	798.9	2534
37.59943903	-121.6361065	568.3	2535
